3000 9992
1921 1147
980 1436
980 28
1436 28
612 432
714 2558
714 1372
2558 1372
139 76
139 57
76 57
1992 2989
1330 2276
141 2915
826 1014
826 1334
1014 1334
1281 1479
1281 1292
1479 1292
2006 58
613 168
613 2202
168 2202
2058 2506
2058 616
2506 616
2294 1822
2294 2517
1822 2517
2628 1317
2497 2386
2497 1693
2386 1693
1680 2843
2470 1983
1938 34
284 574
2958 2936
449 2179
449 1565
2179 1565
1192 682
1875 1760
1875 2329
1760 2329
1037 609
2458 2551
2785 389
2785 1836
389 1836
127 2491
1277 1432
1277 527
1432 527
85 543
85 273
543 273
747 38
2567 990
2567 1468
990 1468
2175 2548
2175 1021
2548 1021
2746 2611
2623 754
2623 408
754 408
2102 862
304 1056
304 1695
1056 1695
1196 497
1196 2178
497 2178
1549 730
1549 2950
730 2950
285 831
1803 16
462 1911
462 2432
1911 2432
308 1240
308 2101
1240 2101
345 856
345 444
856 444
1134 670
1112 2042
1112 1487
2042 1487
1453 2258
913 1650
1073 1206
1073 1950
1206 1950
265 1783
2757 1455
2660 2255
2660 1986
2255 1986
1544 485
1544 2875
485 2875
1978 2808
1683 530
1683 946
530 946
702 2643
702 911
2643 911
121 1526
1088 2906
2173 1374
2173 1622
1374 1622
320 133
406 1253
406 1869
1253 1869
12 1496
1670 2981
1670 944
2981 944
2236 1793
1656 1181
213 1074
1990 767
1990 1130
767 1130
1424 1746
1424 2909
1746 2909
2437 697
2437 2104
697 2104
1472 2772
2339 2818
2339 2721
2818 2721
2510 236
2510 505
236 505
1897 2832
1897 1675
2832 1675
1219 2316
1219 1804
2316 1804
2384 1063
2004 1752
2004 1166
1752 1166
2742 1734
979 2666
706 1556
706 2937
1556 2937
1314 805
1318 144
938 2415
938 940
2415 940
809 324
809 397
324 397
425 110
425 1169
110 1169
2736 2376
2278 507
1412 1254
2901 1415
623 2419
2913 1035
2136 1224
1555 224
821 1865
550 191
1499 1450
2462 2833
619 1430
1628 1707
1628 934
1707 934
931 1867
2550 1794
2299 350
2299 2218
350 2218
2317 528
2317 1139
528 1139
2022 2133
2022 1514
2133 1514
1341 2220
2861 568
2059 69
410 241
410 1079
241 1079
2797 1335
2797 2755
1335 2755
525 2395
438 103
762 2372
762 2515
2372 2515
475 2465
475 2356
2465 2356
317 1878
2205 1943
2860 703
1929 2889
2821 2488
2821 681
2488 681
919 228
919 1325
228 1325
2627 617
1678 2383
1678 24
2383 24
2719 267
2719 269
267 269
2062 786
2062 1364
786 1364
2716 2514
2716 2111
2514 2111
915 1968
915 2855
1968 2855
1326 1519
1326 1679
1519 1679
2663 1497
1858 1908
1858 2446
1908 2446
2695 2793
2695 2787
2793 2787
2984 471
2984 1213
471 1213
227 1250
227 305
1250 305
1959 2619
1959 303
2619 303
2140 2579
2140 2919
2579 2919
1475 678
1475 2876
678 2876
2272 2155
2272 2026
2155 2026
2345 1242
2345 1275
1242 1275
2283 2475
2283 1439
2475 1439
1914 2457
1914 2750
2457 2750
2114 1866
2114 2168
1866 2168
352 2189
2830 2477
2830 2962
2477 2962
1113 2779
1113 2130
2779 2130
1705 291
1705 1127
291 1127
2587 174
1594 869
1594 1378
869 1378
268 1710
1601 281
1601 1980
281 1980
1912 1013
1912 262
1013 262
1611 1834
1611 679
1834 679
1991 2930
1529 1346
1406 1936
1495 1324
1495 2452
1324 2452
2436 1293
2436 2732
1293 2732
858 2942
2673 999
1296 2738
1270 39
847 1283
847 2970
1283 2970
2674 1696
2674 2124
1696 2124
2394 453
2394 1564
453 1564
2635 470
2635 377
470 377
796 2845
796 661
2845 661
1668 1285
2979 2895
2621 1949
1654 329
945 1550
945 603
1550 603
513 2947
513 1635
2947 1635
922 2142
922 478
2142 478
2369 1819
576 418
260 2918
1698 1001
1698 692
1001 692
2758 232
2758 280
232 280
2066 214
1507 218
1507 23
218 23
159 1028
1018 879
1018 1054
879 1054
1704 523
2076 154
828 541
828 909
541 909
2474 2013
2474 1289
2013 1289
2056 2167
2056 1572
2167 1572
2121 2439
1872 1824
1872 99
1824 99
2924 1456
2924 1841
1456 1841
792 46
500 1371
500 2358
1371 2358
1871 2487
2881 557
1634 146
1171 374
1171 336
374 336
647 806
647 1922
806 1922
2290 1044
2290 2496
1044 2496
1215 2187
1215 148
2187 148
1672 1768
1672 326
1768 326
785 135
785 2518
135 2518
2068 1448
2068 969
1448 969
2596 1190
914 1706
2306 1623
2306 1558
1623 1558
2308 2336
126 1740
2229 2585
1859 142
1859 2891
142 2891
1483 2998
2171 2330
2953 883
2953 887
883 887
2483 517
573 633
2373 2288
2373 2638
2288 2638
690 1666
690 428
1666 428
2847 1619
2847 1508
1619 1508
2711 1534
194 1688
2747 1244
2780 790
2780 2402
790 2402
1451 372
555 2153
555 1386
2153 1386
2854 1940
2105 652
339 985
1445 312
1445 1090
312 1090
1066 1194
1066 677
1194 677
125 1227
125 1667
1227 1667
711 2954
711 2668
2954 2668
202 2737
793 302
1363 1974
1351 1664
2710 1516
746 364
746 2685
364 2685
1075 1542
1075 1288
1542 1288
1457 2050
1840 1247
1840 2344
1247 2344
2222 1012
1093 551
1093 2232
551 2232
637 1899
637 1409
1899 1409
1677 1829
1745 400
1745 601
400 601
2636 2657
113 2852
113 2756
2852 2756
2905 2786
1919 480
1919 2152
480 2152
1249 2537
2251 949
2960 1709
1295 1846
1295 2965
1846 2965
2203 889
2203 1337
889 1337
1387 2554
1387 2144
2554 2144
8 2940
8 219
2940 219
1993 1506
1993 698
1506 698
726 2524
726 719
2524 719
482 1964
482 2196
1964 2196
1857 2054
1857 2321
2054 2321
205 1030
548 246
1851 2714
1851 2400
2714 2400
2533 340
490 2868
1061 163
382 2956
819 2529
819 1606
2529 1606
1988 2020
1988 2864
2020 2864
1531 549
1531 2197
549 2197
674 391
1459 1488
1459 2351
1488 2351
1338 2944
66 2431
2138 529
2138 2640
529 2640
1126 51
1126 1258
51 1258
26 2707
2858 1863
2858 2803
1863 2803
2163 86
2163 850
86 850
581 749
581 775
749 775
2500 710
2500 2200
710 2200
2778 2343
2836 2994
2836 1186
2994 1186
2600 395
599 2572
599 73
2572 73
1737 1323
1737 1256
1323 1256
10 1533
15 3
2565 1368
516 245
516 1662
245 1662
1020 584
1020 2885
584 2885
234 1575
234 2829
1575 2829
1732 817
1732 936
817 936
1801 744
1801 376
744 376
388 2269
388 2184
2269 2184
1769 1562
1769 1486
1562 1486
2089 1315
2089 849
1315 849
1106 2311
855 2708
583 1354
770 963
770 2795
963 2795
1789 2804
2764 1644
2764 2591
1644 2591
266 1032
266 2783
1032 2783
1563 1098
2823 271
2823 499
271 499
2749 820
2265 1795
823 2103
1085 508
1085 2048
508 2048
41 1163
833 2650
833 1410
2650 1410
1985 755
1985 1884
755 1884
297 2484
297 346
2484 346
1175 2008
1175 9
2008 9
2842 2613
1581 2911
2254 2652
2254 2647
2652 2647
1747 2033
1747 2323
2033 2323
2802 1658
2802 2698
1658 2698
955 2817
2819 2081
393 2444
816 1762
816 230
1762 230
2752 155
2752 624
155 624
1513 2387
1513 606
2387 606
1592 17
2625 2274
1917 1965
1917 14
1965 14
1473 903
498 791
2267 2107
2241 1751
2241 1796
1751 1796
2849 1210
456 1438
456 2226
1438 2226
258 1520
258 2122
1520 2122
2479 2976
2479 1392
2976 1392
1780 2268
1780 1316
2268 1316
2261 632
35 752
35 1152
752 1152
2791 143
2791 2362
143 2362
1987 430
704 2614
1399 2642
331 1067
331 1761
1067 1761
1633 1366
1633 2342
1366 2342
362 1189
362 184
1189 184
467 2247
2872 1741
2872 1426
1741 1426
675 1159
1651 81
1651 643
81 643
1276 2464
1276 193
2464 193
357 401
881 996
881 518
996 518
761 2244
761 42
2244 42
459 1923
740 1614
741 1329
741 2828
1329 2828
156 2552
2456 716
699 1312
1883 2699
1883 170
2699 170
1701 1022
799 1810
799 2712
1810 2712
602 1100
602 130
1100 130
1913 2568
238 586
2319 30
2513 1764
2513 111
1764 111
2150 537
2799 484
2799 1901
484 1901
487 2850
2435 2610
1389 2123
1389 2146
2123 2146
253 91
253 1321
91 1321
2219 1828
870 1755
2781 558
2031 2676
225 1799
225 2769
1799 2769
1898 916
1920 2873
1920 2169
2873 2169
2921 982
2921 1118
982 1118
2414 1162
1272 1489
358 1902
407 1217
2212 1535
763 2300
763 1307
2300 1307
2231 2964
2231 2522
2964 2522
2181 117
221 966
221 212
966 212
1655 222
298 874
298 2722
874 2722
2900 953
179 2995
179 147
2995 147
1375 664
1375 1201
664 1201
2449 845
2449 2532
845 2532
2526 120
2526 493
120 493
2897 2174
1279 2086
1279 2683
2086 2683
1537 1989
2509 1268
2509 1390
1268 1390
1119 2324
2899 1176
2899 2826
1176 2826
1971 2427
2969 2017
717 415
717 293
415 293
2679 1476
375 2325
2245 1467
2245 373
1467 373
2926 2003
153 1527
153 2411
1527 2411
2794 1926
2878 986
288 917
288 1729
917 1729
2734 2277
2366 2206
2366 1221
2206 1221
378 2538
378 325
2538 325
2634 316
2634 294
316 294
2156 1681
2535 1274
1861 1011
1861 1953
1011 1953
811 592
783 705
783 2571
705 2571
1070 1823
1070 2603
1823 2603
2032 2800
2032 829
2800 829
2536 868
332 1934
106 175
65 1492
2409 102
560 894
2370 1512
2370 1376
1512 1376
2816 1970
983 2273
983 872
2273 872
1880 2471
1880 310
2471 310
923 2574
63 2078
1788 2943
1788 231
2943 231
2115 2375
2505 2648
2505 2822
2648 2822
1972 1048
1972 1080
1048 1080
483 2656
483 965
2656 965
1511 2880
1511 1164
2880 1164
390 446
882 1199
2310 539
2310 759
539 759
1355 327
1355 53
327 53
1730 908
1730 1125
908 1125
902 1890
902 2117
1890 2117
2563 2087
2563 404
2087 404
1154 1844
1154 244
1844 244
1720 1765
190 328
190 925
328 925
926 598
1290 534
1290 2978
534 2978
1110 2631
658 1313
1062 20
638 342
1889 2825
1889 2459
2825 2459
1647 1454
2748 1722
2182 1229
1816 2726
2516 1294
2516 2473
1294 2473
2991 1184
1135 2624
2116 631
2116 311
631 311
672 737
672 880
737 880
2580 2499
512 1787
512 368
1787 368
1361 1299
1361 210
1299 210
2298 2199
2298 2134
2199 2134
2490 1261
1072 138
1072 2557
138 2557
2129 355
2129 201
355 201
2733 857
2426 2771
1484 2423
2848 1498
2848 2633
1498 2633
2887 2327
2887 1284
2327 1284
2744 1602
1047 2137
1047 1384
2137 1384
1441 2039
1327 1582
739 2990
1775 1238
2934 2789
2934 1245
2789 1245
2503 2827
185 1160
1568 1222
2967 1122
2069 587
422 1927
2717 1183
2988 272
2988 2741
272 2741
1604 2888
1503 2945
1099 1490
1778 363
2430 451
1629 476
1629 645
476 645
2890 2706
2890 1158
2706 1158
49 1124
49 924
1124 924
359 2805
878 2385
1462 1669
178 283
114 987
1038 2703
1038 1808
2703 1808
2739 2043
2739 1365
2043 1365
181 2478
181 1856
2478 1856
2141 118
2141 217
118 217
721 295
1948 44
1948 1615
44 1615
801 1888
801 36
1888 36
689 1230
1383 2641
1383 2662
2641 2662
257 2609
580 1738
580 2291
1738 2291
928 533
928 259
533 259
286 547
1108 2038
1108 94
2038 94
1252 2293
1252 1583
2293 1583
1083 1428
1083 1400
1428 1400
1447 313
1853 481
71 321
71 2225
321 2225
2545 1585
2702 2630
2813 1071
2813 472
1071 472
2407 1577
2407 2341
1577 2341
248 1262
1068 656
824 738
2774 2398
307 1218
2986 1560
2986 1967
1560 1967
665 2597
2534 553
2097 566
1910 2441
1910 571
2441 571
998 2519
998 2523
2519 2523
906 2751
906 2682
2751 2682
1144 1842
1144 1029
1842 1029
465 1357
2677 2604
1800 1353
1800 1423
1353 1423
927 2005
927 13
2005 13
2161 2853
2161 1620
2853 1620
2438 2561
757 2961
2923 900
2923 1624
900 1624
2217 1630
1024 1528
1024 2340
1528 2340
1205 70
454 1833
2096 1065
2096 972
1065 972
1308 860
502 2798
1474 366
2092 1027
2092 1105
1027 1105
1557 1589
1557 1809
1589 1809
728 1569
95 2675
2859 383
2589 2287
162 745
171 2246
171 1645
2246 1645
1600 2916
90 810
90 2898
810 2898
2049 892
2049 1148
892 1148
2725 2903
2725 2896
2903 2896
1587 1610
1180 2051
2390 2688
1000 2088
1000 854
2088 854
1394 2975
578 671
578 1770
671 1770
569 646
48 1167
48 104
1167 104
344 52
2645 1811
2645 2723
1811 2723
333 563
333 871
563 871
1142 1225
956 2388
115 888
115 1703
888 1703
556 2920
545 691
1458 2028
1458 2912
2028 2912
641 2997
788 552
2968 183
2968 2198
183 2198
1864 270
2224 859
243 535
243 68
535 68
1223 771
2215 2359
2404 1907
2404 489
1907 489
2938 2584
2938 1849
2584 1849
1848 2382
2455 443
901 2338
1839 958
1839 1892
958 1892
1060 1114
1060 2159
1114 2159
1091 2434
1064 838
1064 1685
838 1685
1385 2999
1973 1545
396 1984
2493 2016
2540 2099
2602 769
1586 840
1586 2027
840 2027
1266 1433
1266 2745
1433 2745
727 1087
2210 1200
249 1574
588 2337
1297 2564
1767 942
1332 96
1332 420
96 420
2763 774
2312 2697
2312 405
2697 405
1717 2992
1717 2399
2992 2399
1852 1477
2164 2582
2690 1692
2690 1522
1692 1522
1510 663
2285 204
2285 1343
204 1343
2238 239
1782 2029
2693 2378
424 841
2280 2243
2280 2365
2243 2365
300 1855
300 2730
1855 2730
2480 640
1715 417
941 521
941 1673
521 1673
2831 1367
1976 2615
1347 1821
1347 1660
1821 1660
2511 122
1437 469
1437 251
469 251
136 2910
136 354
2910 354
2023 1576
2023 1051
1576 1051
2201 1373
2201 897
1373 897
1854 1207
1854 768
1207 768
929 2914
1893 89
1 2256
1 2809
2256 2809
1401 695
2420 1411
2420 1505
1411 1505
1935 1962
1935 1431
1962 1431
2036 565
2036 1952
565 1952
815 861
1429 2207
1429 1551
2207 1551
108 199
108 2195
199 2195
1674 978
1674 2618
978 2618
1742 365
1742 538
365 538
2932 186
2108 1939
2108 2985
1939 2985
1395 2546
1395 1727
2546 1727
1466 2670
822 2467
822 2531
2467 2531
1174 27
1713 1838
1713 1657
1838 1657
1847 1541
1847 1491
1541 1491
1588 1045
29 1548
2838 2260
2838 2170
2260 2170
2481 1597
621 1909
1123 165
87 2132
87 1957
2132 1957
2810 2807
2810 1461
2807 1461
347 2871
347 1015
2871 1015
450 683
450 2974
683 2974
2963 1915
353 233
353 1682
233 1682
369 370
369 203
370 203
1517 748
1517 974
748 974
594 1036
594 1648
1036 1648
1345 1687
1041 2908
448 2632
223 1463
959 734
959 463
734 463
1267 250
1267 1595
250 1595
1616 590
1616 1004
590 1004
2397 2263
572 939
1153 360
1975 1264
1975 1010
1264 1010
722 2047
2106 506
2106 2445
506 2445
1336 2403
1336 995
2403 995
1805 491
255 319
421 2743
421 1743
2743 1743
1046 1286
932 439
932 1414
439 1414
1418 1494
1418 1928
1494 1928
442 2502
1232 2010
1232 473
2010 473
1220 2228
1220 1236
2228 1236
951 176
951 1260
176 1260
1724 1231
1724 626
1231 626
1997 263
2765 211
2765 1837
211 1837
2234 1342
851 2724
851 2110
2724 2110
595 1815
2001 659
718 1748
718 2504
1748 2504
570 1653
1540 1095
192 1391
192 2314
1391 2314
1895 2498
1895 387
2498 387
379 1007
2139 2040
2672 993
2672 733
993 733
2577 2223
2166 134
2014 1700
2286 1103
1173 1607
1173 2235
1607 2235
2840 723
2840 804
723 804
605 2528
832 2601
832 1758
2601 1758
1120 976
1882 109
1882 2377
109 2377
1969 596
2569 2328
2846 2322
2846 1621
2322 1621
2590 1825
2157 1234
2157 1078
1234 1078
1937 1818
1937 501
1818 501
479 2332
479 334
2332 334
2796 2309
2796 495
2309 495
1165 686
680 1930
680 2240
1930 2240
371 1358
2389 1043
2389 731
1043 731
2282 33
2282 1422
33 1422
1845 2586
1845 2566
2586 2566
2118 287
2118 930
287 930
2939 264
1879 1881
610 437
610 1712
437 1712
1640 2266
2052 2082
3000 634
61 247
447 2000
1617 1204
1617 2057
1204 2057
803 725
1016 1017
1016 385
1017 385
2728 177
1571 1559
1571 1050
1559 1050
1310 1340
1887 2729
1887 1843
2729 1843
1591 2606
2857 2593
2687 1287
2687 289
1287 289
954 2012
954 2346
2012 2346
2941 1301
1686 585
685 2021
187 1002
187 1966
1002 1966
2450 2686
2450 1676
2686 1676
468 2060
468 301
2060 301
988 67
988 2381
67 2381
1480 2812
1480 1331
2812 1331
2249 226
559 2025
1369 323
618 1427
618 486
1427 486
1593 1187
1280 2709
2237 2284
2422 863
2318 865
409 441
409 2820
441 2820
2560 252
1282 309
2264 1994
509 129
509 56
129 56
2379 429
2379 2374
429 2374
984 1470
1977 1465
519 1652
519 898
1652 898
1298 140
1298 1691
140 1691
1344 542
2145 2094
2145 1870
2094 1870
145 2704
215 657
215 1771
657 1771
2162 782
1744 2348
2894 1306
2581 866
2581 31
866 31
1140 1995
1140 952
1995 952
1413 169
1413 79
169 79
943 707
1661 1239
1349 2931
1349 55
2931 55
1350 2959
1350 877
2959 877
2067 2425
4 1397
1198 488
1198 1172
488 1172
399 1141
1111 1646
1111 797
1646 797
242 608
1416 1370
1493 2079
773 1320
2135 2980
1584 1150
277 2839
277 864
2839 864
97 813
97 2090
813 2090
2100 1405
341 732
341 1193
732 1193
960 2508
1982 1665
1798 1536
1798 2592
1536 2592
886 2870
1868 2754
2837 84
2837 150
84 150
2694 1894
666 2851
666 2091
2851 2091
367 466
367 1168
466 1168
1766 2405
1766 1963
2405 1963
1711 1524
620 1203
2192 2396
1714 709
1714 77
709 77
526 2313
526 83
2313 83
2892 2869
2892 1830
2869 1830
676 899
676 660
899 660
1435 2982
1435 1360
2982 1360
991 1530
306 2680
59 2270
611 2354
2363 964
131 1092
779 274
779 630
274 630
455 2766
455 524
2766 524
1786 2835
589 933
1177 2877
2866 1689
2866 1039
1689 1039
2922 615
1599 2865
1599 1832
2865 1832
795 279
795 2775
279 2775
2098 1690
2098 1188
1690 1188
1580 2065
1580 1128
2065 1128
335 2863
335 1933
2863 1933
351 1750
997 403
997 394
403 394
1263 458
2629 40
2629 1481
40 1481
88 2074
2349 2019
2349 1904
2019 1904
2009 2626
2009 1539
2626 1539
461 1259
1561 116
2077 2429
2904 2194
2904 37
2194 37
2391 1903
2391 2521
1903 2521
2669 460
1033 708
292 492
292 1754
492 1754
275 2655
22 2639
1638 1608
2485 132
2485 2594
132 2594
2678 2075
2678 1269
2075 1269
2221 1570
2221 166
1570 166
2902 2035
2902 1396
2035 1396
356 2874
1133 2302
1133 209
2302 209
2681 60
1538 1379
5 1246
1636 1179
1636 2472
1179 2472
1145 2684
1145 2416
2684 2416
1543 426
1543 2428
426 2428
2971 496
2971 1998
496 1998
1485 635
1947 1109
1464 2494
1464 852
2494 852
1763 1446
1763 206
1446 206
2468 2037
2468 607
2037 607
7 1216
1059 2250
1059 1382
2250 1382
2333 1694
2333 2151
1694 2151
2410 1407
196 2147
196 2501
2147 2501
1961 1235
1961 299
1235 299
800 1641
2595 2883
2595 2253
2883 2253
912 2380
912 787
2380 787
1420 1362
1420 967
1362 967
2080 2527
724 2562
724 1161
2562 1161
713 971
713 688
971 688
1649 1300
1649 1042
1300 1042
627 937
627 981
937 981
2248 2034
1827 2667
2598 474
2598 853
474 853
1605 2447
2549 1896
2549 662
1896 662
1726 1138
1726 1945
1138 1945
2856 1697
2158 1891
751 1182
1873 2653
2084 1202
2084 494
1202 494
1626 2715
720 1759
1302 1877
1302 386
1877 386
2281 1860
2966 2301
2966 349
2301 349
2696 361
2696 1233
361 1233
25 2713
25 1403
2713 1403
893 1905
893 1185
1905 1185
2305 614
457 2768
867 1663
1590 2128
1034 1791
2053 1094
2053 994
1094 994
2788 2204
2788 1146
2204 1146
440 2120
600 873
151 436
151 2292
436 2292
2242 416
2242 1052
416 1052
431 836
431 1831
836 1831
2119 1523
2119 1553
1523 1553
1005 1874
1005 1444
1874 1444
2654 1107
2392 1040
2392 2002
1040 2002
2482 1082
839 1058
839 1305
1058 1305
742 764
124 2792
124 256
2792 256
1955 2507
2718 2692
625 2776
2759 1784
669 1814
2996 1425
2996 2352
1425 2352
807 818
794 2620
2762 1328
2762 504
1328 504
1885 235
1885 1525
235 1525
315 2461
315 2360
2461 2360
2085 402
2085 947
402 947
1226 2705
164 1398
164 1504
1398 1504
2304 343
2304 152
343 152
2735 261
2993 604
1081 119
1208 629
1421 1779
654 1802
654 2649
1802 2649
2740 736
2740 100
736 100
650 1931
278 1773
278 2570
1773 2570
562 777
182 2
1509 1121
758 1946
758 1721
1946 1721
2030 1408
2556 1718
2214 1958
105 2357
2973 433
1807 330
2773 1255
2401 653
2401 2112
653 2112
642 2131
1954 80
1954 2216
80 2216
2949 1209
2949 2867
1209 2867
2790 2364
2790 2928
2364 2928
2806 1792
208 2209
2368 842
200 844
532 1979
532 1057
1979 1057
1333 2987
1333 2183
2987 2183
1637 413
1440 2542
1440 2176
2542 2176
2109 510
2109 75
510 75
1006 2295
1132 700
1132 1243
700 1243
1049 2127
1049 1932
2127 1932
2559 2448
2559 1191
2448 1191
1579 1339
1579 814
1339 814
1380 2553
160 514
834 655
2927 2213
515 2071
515 1835
2071 1835
411 789
2644 1265
2644 1813
1265 1813
1941 2782
1941 282
2782 282
2882 381
597 322
597 229
322 229
128 2350
128 1419
2350 1419
1393 1671
2230 1631
290 2555
290 1956
2555 1956
1578 82
1578 935
82 935
2307 435
2307 1547
435 1547
1699 544
1625 2361
1359 536
1359 1025
536 1025
2884 158
2412 2083
1143 2393
2727 2767
2727 412
2767 412
1271 2460
1271 43
2460 43
1101 1241
1101 398
1241 398
667 1820
667 2777
1820 2777
2512 1356
2512 1155
1356 1155
195 2044
195 503
2044 503
2731 907
2443 1019
2443 2442
1019 2442
1659 2599
2664 2296
392 1443
392 693
1443 693
1777 784
2575 1739
765 1554
2983 1981
835 975
835 973
975 973
197 1612
197 1781
1612 1781
1756 593
511 1026
511 1460
1026 1460
735 2160
1613 137
1613 843
137 843
2125 1876
2125 173
1876 173
1214 712
2424 2824
776 1116
776 434
1116 434
1546 1291
2489 644
1716 1900
1573 74
1573 1089
74 1089
1442 427
1442 1031
427 1031
2320 2024
2320 1500
2024 1500
2011 2063
1212 1603
2659 2193
1996 2917
1996 1156
2917 1156
522 2191
522 1826
2191 1826
2347 1404
2347 977
1404 977
1719 2275
1719 808
2275 808
2239 2486
2814 1566
2095 2148
2095 766
2148 766
1129 827
1129 1518
827 1518
1311 296
2188 948
694 2408
694 2929
2408 2929
1309 2315
1309 1469
2315 1469
798 1812
798 2015
1812 2015
2371 112
1567 1757
1567 2622
1757 2622
2753 1096
2476 905
2476 1736
905 1736
384 910
78 207
2815 684
2815 2946
684 2946
1151 582
1151 2886
582 2886
445 464
445 1552
464 1552
32 561
32 622
561 622
1639 1348
1639 2893
1348 2893
1449 21
1449 157
21 157
520 1352
2607 2367
2617 1248
885 848
885 1482
848 1482
1532 18
1502 1195
1502 188
1195 188
1117 1627
1170 2955
477 904
2326 2578
2925 2334
567 961
1102 47
1102 1723
47 1723
2469 2547
1136 837
1136 701
837 701
1478 2149
1478 2406
2149 2406
2701 180
2701 2041
180 2041
802 1434
2907 1618
2907 2259
1618 2259
2453 1009
2720 2185
2720 918
2185 918
921 591
921 2646
591 2646
2665 2583
2665 639
2583 639
2165 992
2661 628
2661 2608
628 2608
2834 2844
2972 2770
2972 93
2770 93
812 338
1303 2421
1303 1684
2421 1684
2811 2879
780 1157
649 2658
2073 2126
2073 2492
2126 2492
1003 198
636 2576
636 123
2576 123
2331 546
2331 1471
546 1471
2418 1211
2418 2957
1211 2957
50 2651
50 2093
2651 2093
896 2689
896 1735
2689 1735
1924 2700
1228 825
1228 2154
825 2154
1077 2616
1053 2760
1817 772
1817 1951
772 1951
1377 1776
1084 380
1084 414
380 414
2297 1772
2451 1850
2451 531
1850 531
92 54
92 2862
54 2862
1521 2046
1521 876
2046 876
1942 1733
1942 651
1733 651
1115 2172
1115 540
2172 540
1097 107
1097 64
107 64
2761 2252
220 729
220 2466
729 2466
1197 1632
1925 2279
2977 1886
962 2335
962 2841
2335 2841
1237 1918
2271 1725
781 756
781 2289
756 2289
2544 1319
2637 760
2637 1702
760 1702
2543 172
2543 696
172 696
1728 1178
1728 2573
1178 2573
337 2417
337 2520
2417 2520
1055 216
1055 2454
216 2454
891 1790
2186 1069
2463 2262
2463 579
2262 579
452 1322
1906 1304
1960 2588
1960 1515
2588 1515
1596 957
1596 2055
957 2055
2355 715
101 1104
101 2612
1104 2612
1278 2257
1278 884
2257 884
98 743
1008 968
1944 2177
1944 1023
2177 1023
875 2948
875 1086
2948 1086
1417 920
1417 1251
920 1251
2072 1131
890 2691
1643 1916
2671 161
2801 2933
830 2951
19 2440
19 348
2440 348
989 72
240 846
240 1598
846 1598
2070 2190
1149 2539
668 254
1806 970
314 1452
314 2061
1452 2061
1731 423
1731 673
423 673
2227 950
2227 189
950 189
1257 1749
149 1862
1076 564
1785 2952
2784 2353
2208 2113
2208 2045
2113 2045
2211 6
2211 554
6 554
2180 2525
2180 11
2525 11
276 575
577 167
1774 2530
1774 2064
2530 2064
62 753
62 1999
753 1999
1381 419
1381 2007
419 2007
1642 1753
2413 1501
1609 1273
1609 318
1273 318
2303 2605
237 45
237 2495
45 2495
1708 2935
1402 1388
1402 2018
1388 2018
1797 648
1797 1137
648 1137
895 778
895 2233
778 2233
2143 687
2143 2541
687 2541
2433 750
306 2238
306 1073
2238 1073
810 2357
1260 1243
1164 1677
1164 819
1677 819
1790 105
1790 833
105 833
345 828
2210 2271
2210 1226
2271 1226
1017 1726
632 1582
632 2246
1582 2246
1917 825
1917 2886
825 2886
2362 2804
343 1634
2111 2046
2111 1012
2046 1012
369 856
1288 1238
1288 2324
1238 2324
2848 1436
305 1974
503 715
503 24
715 24
1516 1247
2941 2162
868 2396
2752 1886
2752 875
1886 875
980 2007
980 2024
2007 2024
275 1480
163 907
1070 578
2796 524
2796 1556
524 1556
788 1958
788 2029
1958 2029
1345 1407
1345 2607
1407 2607
2292 1189
250 2176
1154 1005
971 1963
2811 2193
990 1829
990 159
1829 159
329 2888
1416 2931
1620 2790
1620 2613
2790 2613
2221 1580
91 18
2806 2867
908 447
361 1722
527 705
527 258
705 258
1455 1746
2092 688
2092 1319
688 1319
26 1662
1558 1384
1558 108
1384 108
29 1341
2872 1166
2974 910
2974 1867
910 1867
641 1035
2644 2984
1777 1980
2556 780
2080 2831
1767 363
2735 556
2735 1450
556 1450
1321 1768
1321 1743
1768 1743
520 1054
520 2689
1054 2689
596 1150
596 1095
1150 1095
1098 90
1098 1597
90 1597
1284 2272
1284 1068
2272 1068
1206 1965
2923 1800
2923 1603
1800 1603
2085 2992
2085 1423
2992 1423
2301 132
1912 869
403 175
2195 1878
2184 824
1702 2010
2275 2698
2275 2656
2698 2656
2445 1939
2416 2076
2416 779
2076 779
52 420
52 2670
420 2670
1291 213
1291 1959
213 1959
2506 984
2506 146
984 146
154 2398
1896 1329
1896 2022
1329 2022
558 2234
631 1893
631 876
1893 876
187 2274
640 1242
925 2058
2517 541
1237 1397
2335 829
1235 893
2674 2402
2674 2462
2402 2462
1282 103
746 2247
746 2391
2247 2391
2476 1563
2476 1144
1563 1144
1493 2482
1493 356
2482 356
1131 419
1131 1754
419 1754
1316 341
2930 1346
1697 561
1697 1793
561 1793
1779 2730
1534 1082
1126 1915
2620 1671
831 2270
135 2243
135 379
2243 379
386 42
767 2926
311 771
2365 2890
2365 2036
2890 2036
1498 1637
1498 1686
1637 1686
2615 2918
2615 2114
2918 2114
149 522
149 797
522 797
946 2590
946 1478
2590 1478
2343 1986
2051 1863
2051 2147
1863 2147
2297 2577
2297 2945
2577 2945
267 1320
534 2669
534 1466
2669 1466
2311 2843
2311 770
2843 770
537 2382
537 870
2382 870
1831 1078
1831 257
1078 257
1897 525
1897 710
525 710
1488 1884
1488 62
1884 62
1870 2331
1870 978
2331 978
2291 2088
2113 2379
347 1492
2230 1859
1495 2970
1495 1546
2970 1546
2483 2907
1955 2701
1955 350
2701 350
2347 2433
2347 2909
2433 2909
2866 1653
1586 2938
1586 2708
2938 2708
2943 2565
2775 23
2775 805
23 805
214 656
396 1594
2255 1271
2255 1349
1271 1349
1868 1737
1868 1613
1737 1613
900 720
900 2760
720 2760
2924 2240
2832 2920
979 1390
979 1985
1390 1985
834 1738
834 2740
1738 2740
977 2268
977 1207
2268 1207
331 817
2507 2480
2507 2542
2480 2542
884 2096
884 1055
2096 1055
2155 1601
2158 114
349 2061
1013 1002
1013 2819
1002 2819
1491 2822
1491 2279
2822 2279
1439 1114
1439 327
1114 327
1899 32
1899 1338
32 1338
2466 211
982 798
565 2807
565 448
2807 448
2683 1922
2683 1122
1922 1122
747 1088
2345 1918
2138 2098
2593 1490
1067 1862
374 567
2087 116
2087 1977
116 1977
404 2035
1990 934
183 1840
164 953
164 1215
953 1215
2460 2340
344 1086
344 1755
1086 1755
190 790
1270 654
1270 2985
654 2985
653 2060
1171 2808
1171 1823
2808 1823
698 896
698 1356
896 1356
2767 1756
2767 2068
1756 2068
614 1652
342 1024
342 1285
1024 1285
2844 1844
1512 2756
1512 1264
2756 1264
1976 743
2333 1522
2333 1796
1522 1796
961 2809
800 1727
800 2961
1727 2961
667 2354
667 2916
2354 2916
1231 2878
2652 560
2652 962
560 962
1220 217
903 595
1467 1771
1467 2300
1771 2300
1938 1432
1938 2380
1432 2380
1627 679
1837 2309
1837 1367
2309 1367
736 1273
736 1000
1273 1000
1179 233
1179 2358
233 2358
512 2921
512 2458
2921 2458
684 914
326 1649
1159 897
1159 2126
897 2126
80 2932
392 180
392 793
180 793
1153 162
1153 2678
162 2678
590 813
590 382
813 382
2786 2384
2786 1250
2384 1250
2310 2554
2704 772
958 638
858 1876
858 2428
1876 2428
153 591
2859 1100
2995 1281
106 712
544 2553
166 2673
782 1801
402 2381
402 2971
2381 2971
933 79
933 1698
79 1698
494 2299
494 737
2299 737
2747 1913
2200 2502
2200 2679
2502 2679
1094 1916
272 134
272 381
134 381
2598 2294
2586 1077
2648 2293
2495 384
2495 539
384 539
467 2618
467 862
2618 862
2891 2411
1410 2634
1410 691
2634 691
2599 604
763 2326
479 2224
1924 219
1924 2742
219 2742
2386 1551
2386 1306
1551 1306
1659 1848
1659 765
1848 765
1787 2226
1751 1629
110 2934
377 1185
377 531
1185 531
1170 432
1431 1814
1380 1479
1380 2856
1479 2856
1151 325
1187 2982
1574 2871
1574 2718
2871 2718
388 1914
1006 1172
2242 401
2963 769
2963 265
769 265
413 482
1176 853
1854 1193
1562 2851
1562 83
2851 83
117 184
2370 1605
145 2005
145 1690
2005 1690
1365 1344
1365 2202
1344 2202
2263 204
2263 1300
204 1300
2320 2640
205 1869
205 2436
1869 2436
1991 443
1507 2282
199 1208
199 141
1208 141
935 2721
935 2579
2721 2579
1209 244
509 1866
509 1249
1866 1249
1704 699
1704 1374
699 1374
2215 470
1325 1552
1325 2361
1552 2361
1202 2399
296 2783
2273 929
2273 2939
929 2939
2638 1245
2638 92
1245 92
2677 387
2569 543
1781 2284
1781 1602
2284 1602
1975 1093
1975 2824
1093 2824
2979 2956
2512 2901
2512 1165
2901 1165
119 1593
1023 1813
2975 1199
2975 2471
1199 2471
1856 615
194 1475
194 2168
1475 2168
2196 2175
2196 2366
2175 2366
2983 144
481 1330
1239 1383
1239 1434
1383 1434
2810 2244
1463 587
2981 2177
1729 634
2285 2031
2285 2852
2031 2852
2493 2624
2493 1269
2624 1269
1891 2751
1891 1295
2751 1295
1529 1561
1529 2959
1561 2959
1257 424
2800 622
2800 1931
622 1931
100 1064
100 2874
1064 2874
2813 1158
2813 2425
1158 2425
2908 2962
2908 657
2962 657
2183 1772
2183 51
1772 51
1940 716
1940 2596
716 2596
2440 2278
2440 1960
2278 1960
496 2629
496 486
2629 486
1178 2716
1178 2622
2716 2622
2231 2799
445 2487
140 1448
140 246
1448 246
2207 2684
2207 753
2684 753
2769 683
2769 478
683 478
411 118
411 1029
118 1029
1907 1101
1907 1695
1101 1695
1051 4
1051 759
4 759
1248 2075
513 2545
2083 2570
2541 2313
2199 1091
2199 290
1091 290
247 224
1639 2576
1639 2016
2576 2016
644 1929
644 1438
1929 1438
1027 1544
502 1826
881 952
881 2450
952 2450
2789 1616
2789 1446
1616 1446
400 526
400 2744
526 2744
660 101
660 253
101 253
1262 2905
2457 264
1776 975
1776 1676
975 1676
2468 97
1514 2702
1514 1930
2702 1930
2546 2137
2833 1062
2833 1042
1062 1042
2535 399
218 1314
218 1085
1314 1085
1901 394
1901 2778
394 2778
566 1040
566 2141
1040 2141
2928 1461
941 1022
2312 2841
778 2812
778 864
2812 864
372 581
372 2636
581 2636
2559 1043
2559 2321
1043 2321
789 2949
789 437
2949 437
635 2127
702 2161
702 1841
2161 1841
2338 147
2338 2044
147 2044
726 1885
726 277
1885 277
1519 1065
1519 2917
1065 2917
453 2788
1254 1604
1254 2236
1604 2236
2685 1274
2685 2658
1274 2658
2754 173
1348 96
986 577
986 1496
577 1496
2407 2178
2407 620
2178 620
2106 2527
2106 2564
2527 2564
1301 1617
1301 300
1617 300
1104 1443
1104 2389
1443 2389
991 2522
1049 1505
1049 1452
1505 1452
911 292
2860 1851
2584 2385
1579 355
1579 618
355 618
2779 2820
2779 1799
2820 1799
2745 1111
2745 796
1111 796
2464 1621
161 2467
161 1875
2467 1875
1409 160
738 997
426 365
328 1720
328 14
1720 14
972 1212
972 2738
1212 2738
1710 288
1710 259
288 259
2125 220
2125 2063
220 2063
1015 535
1015 1032
535 1032
598 1789
598 2919
1789 2919
530 838
530 808
838 808
627 619
1256 2837
1256 1116
2837 1116
1997 2651
1360 471
2078 2842
87 744
735 2505
735 1585
2505 1585
2235 1798
2235 73
1798 73
2514 1402
2514 794
1402 794
2442 1592
2317 333
2317 206
333 206
2116 1415
2879 99
2827 1832
2827 81
1832 81
1337 1651
2516 1718
2987 2969
1928 1258
2413 383
2538 2097
1533 2641
1533 1725
2641 1725
487 1973
974 2017
964 2609
289 2606
289 1806
2606 1806
1539 1583
1353 2454
1353 2290
2454 2290
2829 2133
2829 1010
2133 1010
2283 2626
2283 1525
2626 1525
422 1773
1591 2159
266 2185
266 1059
2185 1059
2703 1509
2258 2649
514 607
514 1290
607 1290
2532 1723
686 2
2089 2798
309 2394
309 1778
2394 1778
1136 2055
1136 2304
2055 2304
2295 209
2295 1983
209 1983
625 1454
989 559
989 152
559 152
2494 335
2494 1749
335 1749
143 378
2595 1589
916 1146
916 1459
1146 1459
1999 2650
2167 2830
2260 1807
2260 774
1807 774
2308 1200
2308 1547
1200 1547
473 2884
473 179
2884 179
2417 1317
2417 659
1317 659
1192 434
1192 1674
434 1674
1566 943
1566 2485
943 2485
1124 2906
1124 1339
2906 1339
2989 491
2989 1599
491 1599
236 461
236 2717
461 2717
2443 540
965 1180
2423 1968
2423 2418
1968 2418
1769 104
927 750
2037 2915
2037 1057
2915 1057
1871 2976
745 1121
745 1538
1121 1538
2307 1184
2307 1678
1184 1678
919 1739
1528 475
1161 1286
1161 440
1286 440
1818 2523
1818 1225
2523 1225
507 2028
507 1323
2028 1323
480 1411
480 1728
1411 1728
2237 251
2237 1665
251 1665
1554 178
1821 2453
1821 1557
2453 1557
2883 2845
2883 915
2845 915
1279 2182
1279 2181
2182 2181
1313 25
1849 1752
1849 2492
1752 2492
315 2628
315 287
2628 287
2484 1233
2484 610
1233 610
2838 2663
1941 519
1842 2427
1376 850
2560 2694
2560 2463
2694 2463
2339 1268
59 1080
59 1289
1080 1289
2132 19
2132 1716
19 1716
2880 1103
1217 1934
1578 165
1578 1703
165 1703
442 1457
269 133
1979 1133
1979 273
1133 273
2306 786
2771 1283
2771 2489
1283 2489
821 2214
821 2654
2214 2654
643 872
901 549
1251 249
1251 2066
249 2066
2540 1660
2540 1689
1660 1689
2142 2245
1598 1638
729 44
729 1419
44 1419
2012 86
2012 2801
86 2801
2875 647
2875 2049
647 2049
1388 1972
668 1631
668 435
1631 435
516 1655
1873 993
1873 1069
993 1069
2675 2430
2597 472
148 1019
1181 2023
1181 36
2023 36
1130 1324
1998 2027
1998 2332
2027 2332
2876 1090
2876 1933
1090 1933
1667 791
1667 1636
791 1636
1952 713
1952 2587
713 2587
261 2853
261 1615
2853 1615
66 2782
2519 2562
364 2233
2277 2583
197 1143
2682 1564
890 649
890 393
649 393
1948 2353
1948 801
2353 801
1371 198
1706 2913
2377 1797
1648 1950
1648 2967
1950 2967
1792 1297
1292 2040
2053 2865
2259 2727
2259 1441
2727 1441
1096 1903
1096 357
1903 357
1471 1989
1524 242
1524 1581
242 1581
1198 987
1198 1809
987 1809
948 1056
1026 1048
1026 1548
1048 1548
2993 1719
2314 2406
2334 2549
1425 882
1506 317
1506 2001
317 2001
1645 1759
1645 2645
1759 2645
923 1333
2392 1881
1267 1061
1267 889
1061 889
43 2160
2642 312
2642 1981
312 1981
1691 2323
1691 84
2323 84
846 859
188 2572
188 2520
2572 2520
1820 2763
1820 2964
2763 2964
2688 1764
2688 2680
1764 2680
2966 2534
2327 2410
2327 1120
2410 1120
2409 2441
2409 2697
2441 2697
2715 1713
2715 1900
1713 1900
2135 845
1961 2117
1961 40
2117 40
2107 1060
2107 690
1060 690
28 2741
2203 2543
2203 820
2543 820
1568 2877
1568 1332
2877 1332
1445 1318
295 2687
202 281
191 2421
1740 1377
1740 1527
1377 1527
1936 2093
2750 2914
2351 2094
1470 1310
1470 172
1310 172
874 2173
1635 692
1635 518
692 518
1092 701
1092 1183
701 1183
107 1334
1877 2601
1194 2134
1194 2825
2134 2825
60 1791
60 2251
1791 2251
2194 2473
2194 1379
2473 1379
844 1127
844 1889
1127 1889
456 1520
212 1030
1763 2065
1644 1276
1644 538
1276 538
742 1203
742 2693
1203 2693
703 1079
655 2405
1887 1888
1887 1417
1888 1417
2018 2449
2018 1843
2449 1843
430 70
430 550
70 550
1523 61
1523 1007
61 1007
1588 930
2573 2935
886 158
2757 888
1935 605
1935 2444
605 2444
854 2190
1994 2500
1368 704
1368 2617
704 2617
721 127
721 2515
127 2515
1426 533
557 1569
1892 630
1892 1148
630 1148
397 2508
397 1168
2508 1168
1444 2893
1444 334
2893 334
906 2655
906 2490
2655 2490
192 282
895 1408
271 651
271 2349
651 2349
1309 1021
1309 414
1021 414
2869 320
2869 2218
320 2218
237 2952
237 920
2952 920
1500 1298
940 216
1229 113
628 669
628 10
669 10
963 775
167 1987
2191 1515
2191 2363
1515 2363
1011 2904
1011 547
2904 547
1919 1190
2690 88
1058 1920
20 1971
2544 680
1833 208
2887 78
2887 1046
78 1046
1612 1087
1612 760
1087 760
1403 2968
1946 728
1946 1898
728 1898
1641 2123
1542 732
2077 1219
2077 455
1219 455
2766 395
2766 700
395 700
156 711
1366 2999
1366 2302
2999 2302
1420 1211
2839 2174
1396 761
1396 1827
761 1827
2619 523
2619 2121
523 2121
2081 554
2081 662
554 662
2130 362
2130 582
362 582
1874 230
1874 1167
230 1167
1312 1477
1312 2289
1477 2289
7 1812
7 2725
1812 2725
1117 852
1117 1389
852 1389
536 1343
536 303
1343 303
2115 1020
2115 1031
1020 1031
2563 2408
1656 1125
687 1666
2759 425
1732 1412
1278 2374
1714 658
283 1041
283 2605
1041 2605
1081 2761
1081 1628
2761 1628
2818 2539
1624 1145
1364 517
1364 665
517 665
811 1375
811 1369
1375 1369
2855 1943
1214 2479
601 2611
299 2608
299 672
2608 672
243 2729
280 1382
280 877
1382 877
433 1956
433 2112
1956 2112
2032 454
2216 1398
2216 839
1398 839
768 836
768 815
836 815
571 85
571 1280
85 1280
1315 2758
1650 2330
2424 1921
2424 375
1921 375
1540 1160
1540 125
1160 125
1535 606
1535 2222
606 2222
1327 2465
1687 1947
2724 2849
2724 340
2849 340
353 1460
2478 2568
1141 2899
1141 841
2899 841
1805 1066
2415 1293
2415 1483
1293 1483
1694 2942
2064 2990
2064 2980
2990 2980
286 1084
1741 76
922 354
922 955
354 955
2699 2072
2699 1241
2072 1241
2894 121
2894 2062
121 2062
210 256
210 474
256 474
177 1819
177 15
1819 15
2015 2337
2015 102
2337 102
1437 887
45 1618
45 1761
1618 1761
2978 1210
2978 171
1210 171
2422 2526
2637 1559
2637 1033
1559 1033
1039 599
11 1462
11 652
1462 652
2602 1757
2602 1847
1757 1847
1731 1521
645 1205
645 2898
1205 2898
270 2960
1113 806
1113 307
806 307
1766 1481
2567 1992
1996 2815
1996 1424
2815 1424
1788 1502
1255 2472
1894 1140
1894 1780
1140 1780
2003 2726
2003 222
2726 222
170 1028
1795 773
2157 2795
2157 840
2795 840
505 130
2518 510
1147 2743
1147 1076
2743 1076
1244 617
1244 1969
617 1969
2128 1753
285 2722
2165 2140
2165 849
2140 849
2276 2709
2276 348
2709 348
398 739
2558 1560
2558 2881
1560 2881
2248 2469
2248 1855
2469 1855
2378 409
2378 48
409 48
585 2566
585 2630
2566 2630
1782 1173
1003 1362
1003 2050
1362 2050
330 1774
674 717
674 898
717 898
429 2336
429 313
2336 313
1354 21
1354 2889
21 2889
588 2264
588 1204
2264 1204
580 2325
1717 1277
1623 2616
1623 1494
2616 1494
1513 1622
1513 2858
1622 2858
3 992
2486 238
2486 1123
238 1123
1246 1860
902 2770
902 221
2770 221
1392 1001
1573 2346
1573 939
2346 939
2252 842
2252 2695
842 2695
2071 1018
2074 2635
2074 639
2635 639
155 278
642 1252
642 410
1252 410
883 245
883 294
245 294
2773 944
2773 124
944 124
2109 956
351 1072
351 2951
1072 2951
1742 376
1742 2108
376 2108
2953 2547
298 2998
1428 17
2011 489
2011 1632
489 1632
1302 466
2513 477
2513 2212
477 2212
1825 1712
562 885
1075 983
1744 1864
1744 2728
1864 2728
1482 2474
1482 570
2474 570
1427 452
1511 563
1511 1872
563 1872
600 2793
600 373
2793 373
697 2578
697 1575
2578 1575
954 2588
954 316
2588 316
1259 492
1508 2719
1508 1272
2719 1272
56 203
56 998
203 998
98 2043
2784 2537
2122 139
450 469
1336 291
484 2762
1385 553
1857 1232
1857 1803
1232 1803
650 1909
650 2329
1909 2329
756 1304
2348 1342
708 1418
1607 2131
22 1587
2100 572
1188 1071
2846 2700
2846 1810
2700 1810
444 1733
444 2580
1733 2580
2371 1953
1182 1685
1182 1464
1685 1464
1453 752
1453 185
752 185
1669 2988
1669 2661
2988 2661
1294 2179
1880 1047
1880 1730
1047 1730
2372 77
2372 918
77 918
74 1964
74 58
1964 58
115 358
904 2296
1510 2412
2748 515
2627 2180
2627 483
2180 483
2991 1347
2350 2187
880 2030
880 616
2030 616
995 676
995 1905
676 1905
1399 1504
636 252
799 912
799 1451
912 1451
1966 176
694 82
694 268
82 268
2079 707
2079 579
707 579
1808 120
1358 2868
725 71
1693 53
1693 621
53 621
2491 8
2575 1775
1852 1910
764 1052
2110 1261
1063 1253
1063 1112
1253 1112
1822 2686
1822 1692
2686 1692
322 1393
322 2814
1393 2814
2280 2958
2280 2151
2958 2151
2342 1139
2342 2551
1139 2551
1372 637
695 2002
695 781
2002 781
2287 812
2287 2432
812 2432
2885 2821
2885 899
2821 899
476 1904
476 2528
1904 2528
2367 207
2367 709
207 709
50 1658
2164 970
2164 234
970 234
2965 2042
1487 2929
2461 1097
626 1804
506 2217
1442 490
1442 2817
490 2817
2034 1748
168 2387
168 302
2387 302
1531 2059
1531 1331
2059 1331
2341 2996
2341 2772
2996 2772
2069 551
2069 573
551 573
2054 2267
2054 586
2267 586
1216 776
2150 463
2957 1683
2957 2426
1683 2426
1099 2803
2475 714
731 2972
731 1008
2972 1008
871 189
871 1824
189 1824
976 2437
976 1429
2437 1429
623 181
468 2084
2477 339
802 441
802 827
441 827
2787 1016
2787 1503
1016 1503
2552 1643
31 936
495 38
866 1469
866 359
1469 359
1014 2091
2666 2166
1802 1925
1802 1861
1925 1861
2070 458
1762 2922
235 223
1440 2219
1501 2581
1322 63
822 1350
1394 1701
1394 324
1701 324
2723 2777
2723 892
2777 892
670 1995
670 2208
1995 2208
2585 2145
1672 1932
1672 1911
1932 1911
2101 1770
2101 1565
1770 1565
966 2086
966 2531
2086 2531
1937 2857
1937 1169
2857 1169
1299 2997
1299 2603
2997 2603
1089 957
1387 2524
2897 758
2897 2124
758 2124
748 1608
169 2315
169 994
2315 994
2900 2265
2900 2232
2265 2232
718 2067
718 1135
2067 1135
2591 239
2254 465
2254 1879
465 1879
584 1750
584 1834
1750 1834
1846 2794
1846 857
2794 857
415 2318
415 72
2318 72
1890 681
2946 2792
2946 371
2792 371
1673 693
2228 2836
2973 2862
2973 1902
2862 1902
109 39
1895 1305
1895 1363
1305 1363
1489 260
1489 2653
260 2653
564 740
564 1485
740 1485
2316 2828
2316 926
2828 926
1626 37
1421 314
9 2120
1664 807
1828 1414
196 2241
2785 928
2785 94
928 94
2009 497
2009 193
497 193
2665 1287
2665 1177
1287 1177
1654 2802
1654 2286
2802 2286
488 1570
1074 1404
2582 648
1640 723
1640 1115
723 1115
2033 1129
1541 1553
1541 1222
1553 1222
2498 1786
2498 2548
1786 2548
1567 111
1567 508
111 508
696 664
696 227
664 227
1577 1449
1611 1340
1484 611
1484 2791
611 2791
2873 633
2873 1838
633 1838
863 2937
863 2172
2937 2172
2014 2854
2014 1083
2854 1083
777 1836
777 2711
1836 2711
1357 368
1357 47
368 47
1413 321
951 2746
1296 89
2103 297
2103 69
297 69
2303 1951
2303 1724
1951 1724
1102 1476
1102 1646
1476 1646
1944 1785
945 937
945 1906
937 1906
942 195
942 449
195 449
2561 2000
2146 338
2146 2189
338 2189
1186 2227
1850 2834
1850 879
2834 879
947 924
2188 973
1009 2895
661 318
865 2692
865 1537
2692 1537
1447 405
1240 336
2105 891
2105 279
891 279
967 2797
967 138
2797 138
416 2206
416 2864
2206 2864
1142 1532
1142 2414
1532 2414
2660 917
2659 186
2707 1401
2707 576
1401 576
182 2038
182 1468
2038 1468
1230 2021
1230 1625
2021 1625
370 2594
575 2765
1465 981
2148 851
2322 332
2322 784
332 784
2550 646
2550 1395
646 1395
1988 1630
1988 2388
1630 2388
1391 2298
583 762
583 2163
762 2163
2144 985
2144 2631
985 2631
75 457
75 2048
457 2048
49 2503
49 847
2503 847
1275 2261
201 2223
201 1657
2223 1657
438 597
438 2359
597 2359
151 2691
428 2201
608 823
608 959
823 959
284 1590
284 200
1590 200
1967 673
1967 2288
673 2288
2220 2977
2220 1196
2977 1196
677 757
677 830
757 830
439 1845
2589 2082
2529 2927
2892 1668
2633 2439
1355 909
931 2882
931 2911
2882 2911
1633 950
1633 663
950 663
2213 255
2213 2592
255 2592
968 913
968 569
913 569
2509 129
1811 1734
1811 528
1734 528
2047 1584
2047 1157
1584 1157
2612 385
2612 855
385 855
1435 421
1435 57
421 57
301 1308
301 366
1308 366
1201 2739
1201 136
2739 136
2420 2847
2447 2319
2455 2625
5 142
2257 1266
464 2102
464 671
2102 671
1957 1545
1957 229
1545 229
498 1381
613 228
613 1517
228 1517
1711 2118
1197 2056
1197 1213
2056 1213
2737 1688
2737 126
1688 126
2954 1984
2954 276
1984 276
2373 2488
2936 1326
2936 2250
1326 2250
2256 1962
2256 427
1962 427
2733 2768
2823 2731
2823 231
2731 231
1835 1696
1680 2448
685 624
2025 13
2025 225
13 225
1642 2383
1942 2052
1942 2470
2052 2470
542 574
542 1227
574 1227
2530 545
2530 2496
545 2496
1619 431
1619 727
431 727
16 2225
2646 1526
293 2170
1373 2356
1373 1647
2356 1647
1386 787
1386 1406
787 1406
2139 629
1576 2008
1576 589
2008 589
2451 2153
2451 1783
2153 1783
1109 1839
1037 1816
1037 1025
1816 1025
2994 751
12 240
818 932
1335 226
3000 2713
2667 2714
2667 55
2714 55
2840 2456
2840 1004
2456 1004
150 1923
592 675
592 418
675 418
2446 2004
2104 46
2104 360
46 360
867 2903
2129 1162
1530 722
1530 749
722 749
2390 2192
2390 417
2192 417
1550 2136
215 1223
215 2154
1223 2154
2403 1721
2955 785
2955 2850
785 2850
30 1400
30 1927
1400 1927
1110 68
1110 2099
68 2099
2156 792
459 2734
459 1328
2734 1328
1663 2696
1663 795
2696 795
6 2776
6 832
2776 832
1707 706
2249 367
2249 2614
367 2614
2057 2073
2057 1456
2073 1456
1156 1675
1156 1700
1675 1700
2600 2863
2600 123
2863 123
2861 2041
1472 814
1472 1765
814 1765
499 2664
174 2197
254 552
254 137
552 137
2639 1175
2419 1044
2434 2710
1596 2940
122 1670
122 1945
1670 1945
860 1236
860 1163
1236 1163
2749 1265
2749 2712
1265 2712
666 67
666 969
67 969
2090 1908
2090 2344
1908 2344
2826 1705
2826 682
1705 682
1978 1128
2610 2753
2610 1684
2753 1684
2902 1378
1134 1359
1134 2950
1359 2950
1458 2205
1458 2459
2205 2459
2896 2557
2896 248
2557 248
996 2020
406 1311
406 2912
1311 2912
1191 532
1191 1853
532 1853
848 1572
446 2352
1050 1736
1050 1614
1736 1614
2039 1430
2039 2209
1430 2209
730 1760
730 263
1760 263
2229 1735
2229 1351
1735 1351
1682 1152
1682 501
1152 501
921 2305
921 835
2305 835
485 1138
2632 389
2632 1474
389 1474
2774 65
2119 460
1555 2643
1555 2253
2643 2253
2986 1858
2019 2504
93 2764
93 408
2764 408
2623 2947
2623 95
2947 95
2481 609
2481 436
609 436
1600 960
1600 2574
960 2574
423 1794
131 1708
131 1661
1708 1661
2555 905
2328 2780
2328 2262
2780 2262
128 2375
594 602
1758 241
2395 1982
2395 741
1982 741
816 755
2149 2736
2269 678
803 2944
803 1949
2944 1949
1303 2006
1106 2668
1106 380
2668 380
1595 232
2816 308
462 783
2393 1745
2393 2671
1745 2671
1119 500
1119 1536
500 1536
346 1034
2360 2755
1747 2095
2186 1132
27 1784
1105 809
1105 1830
809 1830
1307 754
2499 1038
938 493
546 804
546 1218
804 1218
719 2681
2621 2397
2621 521
2397 521
2400 1149
2400 1107
1149 1107
1228 593
1228 2266
593 2266
1715 2368
1715 504
2368 504
988 319
323 1609
323 2510
1609 2510
64 1865
2521 2401
548 511
548 352
511 352
999 1036
451 1926
451 2676
1926 2676
2281 1155
2281 2204
1155 2204
837 2045
837 1817
2045 1817
2429 2171
2429 2925
2171 2925
2647 112
1 1497
1 2705
1497 2705
1234 304
1234 2497
304 2497
1499 1224
1499 826
1224 826
1422 2431
1422 2364
2431 2364
878 2355
1610 2672
1610 1361
2672 1361
2525 2870
2525 555
2870 555
1433 1993
1970 1263
1970 2706
1263 2706
2511 2169
2511 2438
2169 2438
1954 894
1954 2571
894 2571
1352 391
1352 1370
391 1370
2948 1518
2948 41
1518 41
2933 766
2452 734
1137 33
1137 1473
33 1473
689 2143
689 843
2143 843
54 1681
54 2910
1681 2910
2239 262
274 2662
274 1882
2662 1882
724 2720
949 2533
2404 733
2404 1195
733 1195
337 2835
157 1571
157 861
1571 861
1699 1709
1699 1405
1709 1405
2211 1606
2211 529
1606 529
2732 1883
873 34
390 1045
390 1679
1045 1679
35 2536
35 2501
2536 2501
2152 1108
2152 1221
1108 1221
2604 1815
612 1543
2781 1174
2013 603
2013 2198
603 2198
2369 568
2369 2435
568 2435
1549 412
1549 2026
412 2026
1118 2805
1118 407
2805 407
310 2657
2376 1486
1053 324
1053 486
324 486
1785 706
1938 1926
1938 1352
1926 1352
2279 1246
2279 2333
1246 2333
2238 46
1798 1035
1798 2016
1035 2016
179 1700
2874 400
2874 2215
400 2215
2890 1673
2890 1868
1673 1868
550 2812
2634 1510
2634 1651
1510 1651
2103 537
1178 2814
1623 440
1623 2405
440 2405
186 2575
186 1430
2575 1430
2004 1326
1167 1431
1167 957
1431 957
789 1878
1575 2517
495 2452
495 1186
2452 1186
2433 126
1909 597
1909 2263
597 2263
2276 1067
405 590
405 2454
590 2454
1563 2448
1361 2378
1361 1973
2378 1973
295 751
295 960
751 960
2679 1083
2679 551
1083 551
2293 2464
2293 1395
2464 1395
798 2910
2094 2373
1670 1022
1914 2385
2568 18
2331 614
2331 288
614 288
1791 1928
183 589
183 1982
589 1982
2077 1382
2077 274
1382 274
1750 269
2942 2346
1858 315
1947 34
1947 2863
34 2863
2058 2980
2058 1301
2980 1301
502 1412
716 1902
716 1540
1902 1540
438 734
2715 2330
353 1524
247 2623
2116 655
2705 2071
2705 86
2071 86
1110 2999
882 2991
882 1849
2991 1849
1457 1827
1457 555
1827 555
717 2126
717 1165
2126 1165
765 1745
1784 618
1784 1385
618 1385
1677 601
2739 1844
2739 1436
1844 1436
2345 1861
428 1218
920 36
920 2234
36 2234
413 2099
413 151
2099 151
776 511
2894 2463
2894 2852
2463 2852
1311 1774
1065 1887
2502 645
4 2301
1160 640
2415 2816
2415 2687
2816 2687
2480 463
109 1812
2343 505
546 174
1997 2337
1997 2191
2337 2191
2213 2264
1384 1166
1101 1952
1101 1630
1952 1630
994 2875
235 1372
1680 2855
257 2951
81 886
81 58
886 58
970 1816
970 1943
1816 1943
995 1487
995 1245
1487 1245
1512 1000
1512 581
1000 581
1467 2906
1256 1904
1256 1281
1904 1281
2366 972
1302 2574
1302 82
2574 82
1830 2751
1830 2495
2751 2495
1440 1237
211 2641
1262 350
1262 2790
350 2790
1594 2300
1594 1004
2300 1004
2583 2296
1547 1068
1547 1987
1068 1987
609 2566
1239 125
2439 1518
1581 2024
1581 2312
2024 2312
1800 715
973 96
979 2931
979 415
2931 415
2254 2185
424 2647
424 2764
2647 2764
623 195
623 55
195 55
1960 2041
1476 51
149 1278
149 1402
1278 1402
766 373
2983 2201
225 432
225 1939
432 1939
1005 493
141 2396
141 2000
2396 2000
233 1387
855 607
855 807
607 807
2900 793
635 375
635 1749
375 1749
2801 2652
933 1867
933 1672
1867 1672
354 1351
2485 663
2488 1288
2488 1797
1288 1797
1894 2617
1894 1356
2617 1356
588 1292
588 105
1292 105
930 2927
930 1028
2927 1028
467 904
966 2895
966 214
2895 214
2619 1371
881 1080
713 802
705 1423
73 692
2340 2151
2340 592
2151 592
1579 319
1579 2310
319 2310
1346 1213
1346 1698
1213 1698
305 2376
2770 1193
2770 2959
1193 2959
559 2400
559 726
2400 726
2731 570
2731 2121
570 2121
2432 2289
1379 1720
1379 835
1720 835
2537 2718
314 2122
1567 2749
1567 2622
2749 2622
572 1653
1285 1764
1285 2431
1764 2431
200 2136
200 1133
2136 1133
1428 2848
1428 414
2848 414
2098 1238
2098 653
1238 653
2606 680
303 408
303 1244
408 1244
1675 1144
1675 2043
1144 2043
515 556
515 2257
556 2257
1463 263
1804 360
1804 1578
360 1578
1659 1530
1499 1713
1499 2992
1713 2992
1833 2161
1161 124
1645 533
1645 2411
533 2411
2386 2600
2386 99
2600 99
1650 768
1650 1143
768 1143
2100 2020
1274 1773
1633 444
2557 552
2557 854
552 854
518 485
518 2760
485 2760
1534 780
1534 2302
780 2302
497 1726
497 923
1726 923
2996 212
1240 1577
1240 2964
1577 2964
1838 1648
1999 1310
1999 393
1310 393
2375 593
2375 1932
593 1932
1846 2740
1846 2090
2740 2090
622 1177
622 2471
1177 2471
441 2879
441 2035
2879 2035
1970 140
2359 2912
2359 613
2912 613
791 22
2884 2962
1445 503
2246 2081
468 2226
468 996
2226 996
764 1986
764 1081
1986 1081
2669 383
2669 19
383 19
2567 744
2051 885
1377 217
1377 1132
217 1132
1967 2680
101 14
101 1232
14 1232
1687 2074
1154 662
1154 649
662 649
47 2193
47 2544
2193 2544
2453 1913
2453 2986
1913 2986
1649 2673
1649 2169
2673 2169
1337 330
1337 1770
330 1770
1303 1972
2182 2252
2182 1751
2252 1751
2866 1121
1788 860
1241 2277
1224 283
644 290
644 418
290 418
1217 1459
60 2449
2867 1118
2867 374
1118 374
1608 2427
1608 2690
2427 2690
2747 2040
998 2007
2332 2316
2332 527
2316 527
2952 89
2952 2997
89 2997
2362 2888
2205 2224
2205 1168
2224 1168
2128 769
2124 3
2124 1806
3 1806
91 724
1603 490
1210 1051
1210 342
1051 342
742 1016
2397 1268
2397 595
1268 595
203 1889
203 1818
1889 1818
480 1930
526 1122
2744 338
563 2447
563 1212
2447 1212
2244 2612
1391 2944
1391 1316
2944 1316
2759 2038
2759 1100
2038 1100
2190 1872
2190 2943
1872 2943
1944 2844
1944 1643
2844 1643
2950 2767
1979 363
1979 1989
363 1989
514 698
718 1125
718 79
1125 79
1137 2363
1137 1860
2363 1860
2323 2765
2384 443
522 2139
1526 940
1545 918
2525 1263
2214 1307
2214 2321
1307 2321
1040 2084
1040 584
2084 584
1497 2559
1497 2045
2559 2045
459 426
2018 1714
883 2782
308 259
617 243
2899 1441
1172 2974
1172 2023
2974 2023
401 1277
401 911
1277 911
2486 2515
1489 984
587 138
587 337
138 337
2556 1870
2319 631
1048 2870
1048 1668
2870 1668
2223 1763
2223 1910
1763 1910
2468 758
2468 2039
758 2039
260 1392
1370 858
1370 2290
858 2290
1553 2089
2232 1704
2420 862
2420 2589
862 2589
1181 827
1427 1748
2791 1596
2791 1269
1596 1269
2208 1365
2789 2285
2789 68
2285 68
87 265
1587 929
1488 676
9 876
9 1796
876 1796
226 519
2076 1088
2210 852
2210 1205
852 1205
2640 2729
2903 1074
2903 2032
1074 2032
1222 6
1222 2796
6 2796
794 2639
2775 483
1113 2588
2311 889
411 2701
1747 549
1119 1509
430 795
1683 2637
1683 660
2637 660
2885 1104
891 1340
891 1592
1340 1592
1903 2674
1903 968
2674 968
2269 219
2269 1404
219 1404
2823 2955
2702 2620
2936 1399
1689 2611
2703 364
629 1131
2561 85
220 844
220 1656
844 1656
450 1369
322 2820
322 687
2820 687
1570 568
2907 57
2907 1006
57 1006
7 833
7 1515
833 1515
540 870
1221 1586
2163 1950
2163 1821
1950 1821
895 1935
895 1542
1935 1542
2925 1566
1522 1918
1522 1778
1918 1778
785 1631
818 2720
2001 1153
2001 690
1153 690
327 2327
2984 2036
2880 1293
636 498
636 1333
498 1333
121 2726
121 2
2726 2
1033 796
943 2909
369 2104
369 988
2104 988
1011 2473
1011 168
2473 168
1472 2274
896 2499
896 1538
2499 1538
753 1582
1284 2547
390 43
390 1548
43 1548
2272 975
2550 1460
2550 727
1460 727
1053 208
1053 1046
208 1046
892 963
8 264
1247 2125
1247 1086
2125 1086
2152 867
2152 1744
867 1744
1438 382
1438 107
382 107
2062 396
2062 877
396 877
1432 2893
1432 1096
2893 1096
2836 210
2821 756
2821 2072
756 2072
162 37
162 291
37 291
16 1862
16 2487
1862 2487
2856 320
2856 478
320 478
487 530
128 1640
2270 2303
2270 2318
2303 2318
1348 1495
2137 304
1139 1071
167 1242
2714 2381
1227 275
1227 999
275 999
296 307
296 98
307 98
2813 2168
946 176
946 1752
176 1752
2283 2757
2924 2068
1383 2806
725 1408
725 942
1408 942
1120 1803
1881 1491
1881 1366
1491 1366
1667 2164
788 177
1693 62
1693 1409
62 1409
2409 230
2409 529
230 529
2869 312
2869 1163
312 1163
289 1411
949 1328
949 2054
1328 2054
1105 1777
397 686
1539 700
2730 528
2421 1041
2421 2930
1041 2930
2165 2646
2165 2717
2646 2717
130 135
980 1345
980 2358
1345 2358
1009 672
620 1079
749 1718
1439 1314
1439 2569
1314 2569
2916 152
752 875
1723 598
2534 2662
2534 2196
2662 2196
2719 775
997 49
997 2382
49 2382
2309 2419
2309 1466
2419 1466
2130 586
1174 1808
1174 828
1808 828
2112 1922
2112 2505
1922 2505
1892 2665
545 331
521 1313
521 318
1313 318
2542 2221
2504 935
2504 2086
935 2086
1335 2696
1335 2616
2696 2616
2835 1136
2835 575
1136 575
1170 2876
1170 2781
2876 2781
1220 1940
1049 2683
261 1717
261 1836
1717 1836
207 1781
2546 1661
2981 93
1226 2548
1226 2061
2548 2061
1560 2092
850 1847
760 464
760 642
464 642
238 1984
1647 2046
925 2926
2846 2929
2846 524
2929 524
381 204
2395 2149
2494 298
1462 2713
1462 809
2713 809
2127 355
171 2430
2146 284
2146 2602
284 2602
271 2897
271 1455
2897 1455
2779 456
2779 950
456 950
1573 1929
481 278
1632 842
1010 670
2148 1552
2148 474
1552 474
2636 2857
2636 482
2857 482
1099 1730
2914 216
2914 888
216 888
367 2198
367 1097
2198 1097
2865 2654
1562 148
898 787
898 845
787 845
1517 1629
1988 2698
1988 1381
2698 1381
2369 1697
2843 978
297 1738
297 1511
1738 1511
2217 466
1329 2911
2800 627
2800 10
627 10
2243 2768
1152 2091
1152 103
2091 103
745 1037
745 2771
1037 2771
740 722
740 1148
722 1148
1945 329
39 2055
2236 1050
2236 1458
1050 1458
2608 2070
2410 1327
2507 591
1959 1106
1959 2015
1106 2015
1204 600
1743 1565
838 1703
838 1835
1703 1835
2135 358
729 2577
952 1394
952 619
1394 619
1273 279
1505 2862
1505 2788
2862 2788
2756 2967
1367 2010
1225 1890
1225 1364
1890 1364
964 2280
460 1709
853 684
1621 1536
1993 1609
2810 166
2810 974
166 974
2853 1957
1452 1162
1452 872
1162 872
371 2642
2237 2377
2237 1140
2377 1140
1809 194
1425 1679
1235 453
2491 1451
677 599
576 2590
576 2671
2590 2671
837 256
1850 755
359 1692
359 784
1692 784
104 1776
104 2584
1776 2584
119 847
1983 2832
937 2530
937 1699
2530 1699
825 29
825 2053
29 2053
2667 1464
111 2528
770 2541
770 2839
2541 2839
921 924
921 1507
924 1507
1728 1916
1429 1729
991 1768
2408 65
585 1248
2913 777
2913 131
777 131
830 479
830 754
479 754
402 462
402 2259
462 2259
2078 523
1765 1591
1765 1931
1591 1931
947 2859
919 983
919 2180
983 2180
145 143
2088 1001
2736 616
2736 1923
616 1923
2275 941
386 1559
386 1055
1559 1055
2341 2704
2341 1434
2704 1434
1841 321
1841 1478
321 1478
1863 1819
1863 573
1819 573
2052 762
1574 306
1574 1448
306 1448
1042 1811
1042 2248
1811 2248
1876 2830
1732 1454
1732 2031
1454 2031
2675 890
2404 1589
2404 2469
1589 2469
1549 499
1549 83
499 83
2294 501
2047 638
2047 2475
638 2475
2456 412
489 832
2222 2017
2222 1003
2017 1003
1760 1665
2533 2322
2533 1516
2322 1516
2379 1685
2379 1209
1685 1209
761 2691
761 222
2691 222
2416 2712
2734 2543
2609 379
1309 2563
1309 1447
2563 1447
1741 2220
334 819
334 1855
819 1855
267 192
429 180
429 1469
180 1469
473 17
2746 1034
2977 229
1502 1783
1502 2407
1783 2407
624 2786
1501 1023
1501 24
1023 24
2459 2506
2459 1602
2506 1602
2030 611
2030 2851
611 2851
1843 1662
612 1706
2985 1032
245 1149
1859 1907
1859 80
1907 80
2117 565
2117 1737
565 1737
1338 2347
2763 2372
544 2538
544 1354
2538 1354
244 578
244 102
578 102
1786 955
1786 1840
955 1840
1901 2917
1901 2142
2917 2142
1853 938
1681 2615
1681 2437
2615 2437
808 2200
808 2002
2200 2002
139 2374
683 951
683 2966
951 2966
913 2573
913 154
2573 154
562 1066
562 1606
1066 1606
1298 2610
72 831
2229 1616
2229 2235
1616 2235
117 2206
117 1014
2206 1014
1610 2805
2597 868
454 1820
454 2228
1820 2228
839 2681
839 1740
2681 1740
491 173
931 232
2118 1098
2118 513
1098 513
2402 2329
2402 1012
2329 1012
1961 557
1961 668
557 668
878 2695
878 224
2695 224
1259 646
1259 2334
646 2334
2364 679
2364 1128
679 1128
2029 1304
1541 476
2479 2613
357 2313
357 66
2313 66
661 2153
661 2484
2153 2484
2033 1789
2033 2804
1789 2804
2231 1323
1146 2797
2754 273
2754 2056
273 2056
1 398
1 2489
398 2489
1529 2267
1529 532
2267 532
2516 1734
2516 594
1734 594
767 294
767 395
294 395
2539 917
2818 2438
733 2939
733 1017
2939 1017
800 2501
158 652
1886 1590
45 1179
2656 1739
1493 2278
1493 2829
2278 2829
380 1702
681 1231
1884 1082
1884 621
1082 621
2598 2889
2598 750
2889 750
2733 2082
2733 2596
2082 2596
2514 1504
48 2524
1905 834
564 1330
1465 2131
2631 1619
2657 1251
1013 406
1013 2037
406 2037
675 2650
675 1216
2650 1216
1927 1956
1927 137
1956 137
1658 2307
783 936
783 869
936 869
1708 701
2921 730
2921 1175
730 1175
1058 1164
1058 1030
1164 1030
714 1875
714 1470
1875 1470
335 2383
1044 504
1044 922
504 922
2576 2371
2576 1061
2371 1061
1975 1611
1975 1882
1611 1882
2392 2271
1955 470
1955 945
470 945
810 494
810 2633
494 2633
703 323
339 1069
339 2787
1069 2787
669 2060
1397 1500
2281 2242
2281 2085
2242 2085
695 1727
741 1265
741 2752
1265 2752
2042 806
78 349
1937 2949
1937 250
2949 250
1891 1171
277 2462
1415 1056
967 2807
1716 1655
580 2883
580 2594
2883 2594
2975 1253
2975 1757
1253 1757
2824 928
2824 2581
928 2581
1851 531
1851 781
531 781
866 884
866 12
884 12
341 2422
341 1480
2422 1480
2012 693
2012 2115
693 2115
1291 2008
1625 272
1684 934
1684 196
934 196
1528 201
1528 1568
201 1568
1721 2549
1691 1150
1691 1555
1150 1555
2645 1200
2645 1018
1200 1018
2618 1996
2618 1519
1996 1519
2928 1378
2578 1477
525 2562
525 2360
2562 2360
763 2957
763 496
2957 496
477 2607
2520 797
2572 41
2572 786
41 786
1696 1815
2521 2973
2521 165
2973 165
1183 191
1183 2129
191 2129
1919 31
1919 366
31 366
1444 1948
1444 340
1948 340
1753 1407
115 2202
115 510
2202 510
1787 696
657 1933
52 1386
52 2325
1386 2325
136 2887
136 893
2887 893
2472 1208
2963 2774
2993 1754
2840 59
2840 2624
59 2624
1974 1207
1974 1396
1207 1396
2741 1449
2523 286
163 1854
163 1485
1854 1485
1569 897
728 2582
1557 2564
419 64
419 2003
64 2003
674 2162
674 35
2162 35
368 2728
445 2753
445 801
2753 801
2440 1195
1230 843
1230 773
843 773
2956 2251
2500 602
2500 157
602 157
899 255
2660 193
1637 639
2968 1475
2250 88
2250 202
88 202
2079 2969
2079 520
2969 520
2653 2693
2356 1283
2356 170
1283 170
836 2621
836 2209
2621 2209
1828 1962
915 1297
1192 2935
1192 15
2935 15
643 1888
2518 387
1978 1715
1978 378
1715 378
209 1347
1257 863
702 824
299 404
1228 2474
1228 2155
2474 2155
2349 536
1266 2632
2156 1380
2156 2886
1380 2886
370 1877
370 1527
1877 1527
2225 403
2225 1271
403 1271
582 1127
582 2173
1127 2173
2167 2723
2167 2245
2723 2245
673 969
1468 276
1468 2902
276 2902
1401 361
1401 1374
361 1374
2181 2399
2181 561
2399 561
1290 2697
1290 1223
2697 1223
914 704
914 1832
704 1832
448 97
448 2096
97 2096
1342 2626
1342 658
2626 658
1942 1187
1234 2721
2176 2064
2176 859
2064 859
94 1047
94 535
1047 535
348 469
1077 2351
333 2861
333 1834
2861 1834
2291 2455
2291 325
2455 325
1719 388
2817 2919
239 2204
2095 2513
1029 927
2109 2592
651 280
461 656
461 2686
656 2686
1799 1403
2933 1856
989 2297
213 2444
1270 2483
2659 293
2659 1062
293 1062
2841 447
2841 2026
447 2026
900 2915
1985 1572
1024 1654
2284 1767
2284 2845
1767 2845
864 23
2672 147
2672 1900
147 1900
2825 1064
873 2580
873 268
2580 268
719 1908
719 691
1908 691
1898 2772
2212 3000
2212 604
3000 604
492 1296
492 792
1296 792
2424 71
1964 1550
1964 2253
1550 2253
2638 446
1912 1196
1912 1958
1196 1958
817 258
817 2990
258 2990
1839 2388
720 1108
1766 377
2394 2189
1921 1102
1201 1802
2305 2847
2305 1598
2847 1598
2532 1486
2532 164
1486 164
605 678
605 1772
678 1772
2445 2940
2445 2932
2940 2932
1620 2265
1620 1852
2265 1852
2187 746
2187 813
746 813
206 2295
206 2815
2295 2815
748 2934
1617 1588
1617 1416
1588 1416
2266 737
2266 302
737 302
1038 2595
2154 2434
1794 1885
1794 2140
1885 2140
231 2971
231 1158
2971 1158
553 1597
1437 2461
1437 1690
2461 1690
1388 301
2338 252
821 394
905 694
905 2159
694 2159
2493 566
2493 982
566 982
172 2230
172 2186
2230 2186
2353 2258
69 2361
1471 50
711 2261
122 120
1520 1198
1599 2497
1599 2179
2497 2179
757 2792
757 2554
2792 2554
2299 1185
2299 1722
1185 1722
175 2320
2591 2496
1189 2710
822 2643
1126 1075
1126 2107
1075 2107
2780 1936
2780 2809
1936 2809
384 1523
384 2947
1523 2947
1043 1969
1043 1214
1969 1214
2878 1219
1182 2262
1638 300
1638 2972
300 2972
1357 1701
2586 1615
2011 344
2019 1112
1736 2946
1736 187
2946 187
2535 1473
2828 1842
1733 2328
1733 829
2328 829
1420 332
1280 697
1280 2826
697 2826
116 647
1612 1746
1320 1045
1155 857
2197 2172
1965 392
2401 2069
2401 1413
2069 1413
313 442
313 2352
442 2352
707 2350
707 1073
2350 1073
1390 1624
2745 2123
471 2571
471 2158
2571 2158
506 2834
2707 1953
54 2579
959 2694
959 2458
2694 2458
2677 1669
2677 1893
1669 1893
92 2920
92 425
2920 425
1021 249
1021 1879
249 1879
1389 1666
1389 1025
1666 1025
2498 1479
1410 735
1410 2216
735 2216
1614 407
1614 2178
407 2178
1951 346
2460 343
2460 2536
343 2536
2207 1261
1761 1124
1761 1657
1124 1657
1202 2365
1202 317
2365 317
2097 347
2097 577
347 577
1095 134
1095 688
134 688
567 1190
567 287
1190 287
2670 1031
2670 1007
1031 1007
1814 2465
1814 2976
2465 2976
1934 2776
1934 1373
2776 1373
2075 129
251 547
251 2425
547 2425
774 610
774 1521
610 1521
1353 199
1353 509
199 509
1558 2892
1558 2324
2892 2324
420 2443
420 156
2443 156
1758 472
1758 1279
472 1279
1359 2478
1359 723
2478 723
2282 2842
1531 2630
1531 457
2630 457
1461 2370
1461 1622
2370 1622
2108 1807
2108 596
1807 596
2194 1635
2545 2227
2057 2508
2138 2119
2138 1191
2119 1191
1980 1188
1980 721
1188 721
1771 1513
1771 1026
1513 1026
2387 2565
38 410
38 1306
410 1306
2120 1674
2120 1036
1674 1036
2101 2655
2101 2526
2655 2526
336 1525
336 1822
1525 1822
880 2994
2666 2240
372 110
372 608
110 608
2519 1546
2519 1725
1546 1725
790 1176
790 548
1176 548
2512 2014
1585 1180
772 1020
1450 365
1019 227
1243 1134
1299 30
1299 2629
30 2629
971 2286
971 2635
2286 2635
1607 2188
1607 1276
2188 1276
1116 633
1363 2735
634 2199
634 221
2199 221
1039 1368
1039 2304
1368 2304
1350 1605
1350 2918
1605 2918
2773 1920
543 1759
543 1755
1759 1755
2937 771
2937 1156
771 1156
1837 2882
1837 155
2882 155
2799 2958
241 508
910 1871
1339 538
1094 1318
1094 2819
1318 2819
1626 2102
1626 2961
2102 2961
20 708
20 2628
708 2628
579 1644
579 1027
1644 1027
1848 1343
2027 1336
1199 2827
1998 2794
1998 1211
2794 1211
2219 736
2219 2025
736 2025
2147 2689
150 2989
987 851
254 2558
254 1358
2558 1358
1433 1197
1564 739
63 2708
1795 2898
1795 2160
2898 2160
630 2716
630 2429
2716 2429
123 169
123 2114
169 2114
849 2066
849 1252
2066 1252
2850 1711
2049 2326
1325 1494
2941 2570
2941 778
2570 778
1114 569
1636 281
1636 709
281 709
385 1792
1059 990
1694 2022
1694 32
2022 32
2132 2948
1954 1093
1954 2059
1093 2059
2762 133
2762 2743
133 2743
106 2960
106 1688
2960 1688
1159 2183
1054 944
2811 2822
2811 2110
2822 2110
1911 1646
2174 1949
1897 434
1897 310
434 310
2367 2005
1537 939
1215 2676
1215 654
2676 654
574 190
2593 865
2593 27
865 27
985 2998
985 2211
2998 2211
422 127
270 1780
132 1925
2145 253
2145 840
253 840
362 1580
362 2233
1580 2233
2908 2466
2908 993
2466 993
1756 2651
1756 2134
2651 2134
1869 1826
1869 2649
1826 2649
28 2354
28 2417
2354 2417
1203 2873
1705 2688
1705 1601
2688 1601
1282 2553
689 1994
743 571
1824 2699
1824 1443
2699 1443
159 625
541 871
541 977
871 977
421 1092
223 2742
108 948
108 1295
948 1295
1963 2982
423 2750
423 1076
2750 1076
1671 956
894 262
416 1492
484 1992
1446 2436
1446 1682
2436 1682
1628 1775
1628 1344
1775 1344
554 1790
1915 1287
1393 1880
887 182
2614 699
1801 26
738 451
738 954
451 954
1141 2725
1141 1057
2725 1057
1267 282
1267 906
282 906
1334 1498
146 2418
146 1308
2418 1308
516 76
417 848
417 1731
848 1731
2192 961
641 113
391 732
391 1664
732 1664
1995 2260
1229 2692
2833 2314
1981 1355
1981 2551
1355 2551
95 1641
1556 2218
44 2414
44 710
2414 710
2171 56
2171 2457
56 2457
1906 666
1906 433
666 433
2184 458
2184 1157
458 1157
671 285
671 1474
285 1474
161 2979
2831 1406
2831 13
1406 13
1145 1376
1845 1249
1845 1990
1249 1990
1109 2552
1109 1634
2552 1634
1544 1426
1544 118
1426 118
1400 2133
409 1600
409 218
1600 218
2048 2166
2048 2706
2166 2706
2605 197
1724 1129
841 1793
841 1484
1793 1484
2357 2798
667 1946
1169 90
1130 2406
84 70
84 465
70 465
240 907
1111 1008
1111 144
1008 144
1966 1813
1966 1103
1813 1103
2034 2540
2034 731
2540 731
1349 803
1349 665
803 665
2467 902
2467 2292
902 2292
2050 1422
2778 449
2778 664
449 664
1595 352
1595 2144
352 2144
25 1712
25 2157
1712 2157
2864 976
1324 812
1123 74
779 1899
2668 2021
1769 2073
1769 2150
2073 2150
1419 1060
560 903
1508 1533
1417 2658
1417 2083
2658 2083
1264 1341
1561 2808
1561 234
2808 234
2442 61
2442 1496
61 1496
2170 2390
1289 100
1289 2268
100 2268
2298 1424
1883 2872
1063 1710
2727 1315
2871 2391
2871 2175
2391 2175
1405 2769
1405 1584
2769 1584
2344 804
2709 2317
2009 2256
1184 1865
1184 112
1865 112
2481 2288
2481 542
2288 542
236 1052
236 2111
1052 2111
507 2336
2044 2435
1312 2891
1971 2627
1971 1331
2627 1331
1604 826
1604 2599
826 2599
2412 1571
2412 2785
1571 2785
2664 682
2413 558
2413 2441
558 2441
2308 648
2308 1762
648 1762
2803 2901
2803 1107
2901 1107
160 1275
160 2995
1275 2995
2987 1236
2987 1503
1236 1503
879 2724
2978 615
2978 1070
615 1070
1453 2063
1453 2511
2063 2511
1173 435
1173 1874
435 1874
2348 2087
2587 326
583 1857
583 2531
1857 2531
1138 215
198 1831
1078 1483
1078 2737
1483 2737
1618 2868
2783 1286
2783 452
1286 452
992 637
823 2143
2065 1779
2065 1300
1779 1300
1375 908
1375 475
908 475
2315 1362
1627 2938
356 2755
856 1090
1583 178
1583 181
178 181
1135 1514
1135 185
1514 185
188 2860
188 427
2860 427
2028 2837
1576 246
1418 2661
1418 685
2661 685
2555 1810
2555 1895
1810 1895
2106 815
2106 328
815 328
1084 1924
1084 1254
1924 1254
603 606
2748 1490
2748 1551
1490 1551
1260 1317
1260 2306
1317 2306
2601 814
2601 1442
814 1442
1991 2446
2644 1421
1554 437
1554 2093
437 2093
488 2490
2858 2585
2858 114
2585 114
1087 21
1087 1142
21 1142
399 1823
399 228
1823 228
986 67
2239 926
2239 1829
926 1829
2389 242
248 500
248 2802
500 2802
1117 1652
376 2838
311 2113
1319 1976
2503 11
1332 981
75 1941
1147 1660
1147 1506
1660 1506
534 1151
534 953
1151 953
2482 2682
2482 2529
2682 2529
1735 2560
1735 2398
2560 2398
2241 759
2241 1864
759 1864
1115 916
1115 2527
916 2527
1686 1481
2758 2965
2758 1543
2965 1543
799 2249
2923 2287
2923 2339
2287 2339
1258 40
1917 539
1917 1294
539 1294
2013 932
747 1695
2141 2881
2141 965
2881 965
861 1613
1707 5
1707 1255
5 1255
1321 2426
1321 2854
2426 2854
237 309
237 2510
309 2510
1817 1398
517 2477
517 2849
2477 2849
1091 189
1091 455
189 455
628 2355
389 1866
2766 2896
2766 912
2896 912
1977 2970
659 2905
962 33
962 816
33 816
1593 1360
1593 42
1360 42
439 2711
439 632
2711 632
2988 1233
2988 1250
1233 1250
2522 1015
2603 345
2006 2509
2684 2428
1435 909
1642 1535
1642 805
1535 805
142 2793
2203 1322
2203 2953
1322 2953
153 1782
153 2492
1782 2492
782 53
782 431
53 431
1305 205
1305 1676
205 1676
436 1742
1825 2795
292 2255
292 2732
2255 2732
874 512
2451 2877
1663 2335
2700 2273
2700 2945
2273 2945
184 77
184 1072
77 1072
2080 2380
2247 958
1805 650
2403 2954
2403 2761
2954 2761
2604 2722
2604 2476
2722 2476
2663 1272
2663 2922
1272 2922
351 1896
351 1002
1896 1002
2195 2393
2195 1639
2393 1639
2067 846
2777 2423
712 2342
901 2470
901 2368
2470 2368
820 1532
820 1678
1532 1678
1206 2648
1206 1968
2648 1968
2678 1085
316 1194
316 1456
1194 1456
2105 2177
2105 266
2177 266
2685 2625
2685 2904
2625 2904
1414 1089
1414 2450
1089 2450
2738 1873
811 626
811 1482
626 1482
2784 2621
2784 2352
2621 2352
1963 2757
1963 1767
2757 1767
986 1732
986 2100
1732 2100
614 2132
2289 1580
649 436
649 224
436 224
645 244
2351 2677
2111 2567
1007 2397
1007 121
2397 121
1790 176
1790 2625
176 2625
1105 1632
552 797
552 2587
797 2587
2565 1302
399 22
288 1069
1684 2830
1684 2490
2830 2490
2004 788
2004 1834
788 1834
2970 672
2970 2098
672 2098
1575 787
2872 543
2872 33
543 33
1453 1322
1453 152
1322 152
2164 1379
663 2947
663 2974
2947 2974
2837 416
1744 326
1744 1071
326 1071
2740 2477
2740 376
2477 376
932 2516
932 1848
2516 1848
2730 2644
61 2841
61 1118
2841 1118
1778 1822
118 2266
1465 528
1465 1573
528 1573
48 2097
48 1282
2097 1282
2391 681
2784 1273
2784 1799
1273 1799
2750 1953
749 2226
1027 980
1027 1429
980 1429
354 2554
203 2781
203 599
2781 599
2258 394
751 2813
751 240
2813 240
2585 449
1470 100
1470 1225
100 1225
430 840
430 623
840 623
1515 1171
1515 398
1171 398
1867 521
567 1886
567 2155
1886 2155
1794 79
1730 1901
2026 1439
57 1293
57 1993
1293 1993
2777 1851
1985 644
807 2076
837 816
1735 81
1735 2336
81 2336
108 2669
108 728
2669 728
2539 258
1375 2507
1989 2800
1989 1699
2800 1699
259 1940
2078 856
2078 381
856 381
2943 122
2425 2976
2017 2957
827 1292
827 236
1292 236
2771 1214
2771 1743
1214 1743
2860 2129
2860 347
2129 347
2934 1342
2934 1983
1342 1983
646 1868
1502 2695
547 592
1401 1588
1401 188
1588 188
2615 1365
2615 1378
1365 1378
2634 1364
464 2551
54 2951
54 2999
2951 2999
500 1413
500 2274
1413 2274
2532 1053
1853 710
1853 699
710 699
2907 634
2907 2101
634 2101
2745 2356
284 248
321 30
321 1099
30 1099
2175 280
1593 1128
2828 358
1193 533
1193 576
533 576
1278 2460
1045 2082
1045 51
2082 51
160 1139
160 1240
1139 1240
2739 1911
1300 1409
1702 630
1702 304
630 304
2563 508
924 2992
924 2286
2992 2286
951 1924
1704 2527
1704 2182
2527 2182
1195 624
2831 679
2985 2330
1663 2754
1658 1456
2197 2040
2197 281
2040 281
1706 1754
1706 2211
1754 2211
1422 1472
504 1121
504 1849
1121 1849
1329 1520
1068 2031
1068 866
2031 866
2405 2691
2405 747
2691 747
1441 59
1134 708
1134 1154
708 1154
554 1063
554 1966
1063 1966
364 1811
1759 1714
1253 338
1253 84
338 84
1455 916
2561 2963
2561 103
2963 103
2057 1555
2057 1856
1555 1856
2692 1871
1943 2019
1576 2818
1201 2612
435 2786
418 594
418 85
594 85
995 2447
95 492
95 1783
492 1783
1025 2801
690 1533
406 2382
2705 2220
1234 2556
2369 1435
1946 1391
2060 1009
2060 1183
1009 1183
272 2400
1785 2980
1785 2863
2980 2863
769 2835
1016 2061
1038 2845
278 2429
278 2343
2429 2343
1209 730
987 2052
987 352
2052 352
2763 62
2763 360
62 360
909 2827
1289 2344
147 2922
2843 1274
2176 2335
2176 1006
2335 1006
2236 761
2236 1548
761 1548
444 154
1565 1220
1565 15
1220 15
1550 2212
1550 446
2212 446
2117 148
77 1313
77 323
1313 323
1747 929
1747 519
929 519
2515 2737
2515 2195
2737 2195
2084 961
2084 1626
961 1626
664 709
664 2616
709 2616
2231 1344
2231 733
1344 733
2492 505
2492 2361
505 2361
983 2139
983 2133
2139 2133
415 1452
415 1173
1452 1173
247 1674
247 2085
1674 2085
1828 1050
1828 2819
1050 2819
2086 2325
2821 2986
2821 549
2986 549
2931 819
2592 1990
865 2119
2852 2121
2852 2731
2121 2731
833 1259
833 2458
1259 2458
2908 1982
2576 1062
1366 804
2566 1716
2566 1130
1716 1130
123 704
882 263
882 942
263 942
1425 1526
1425 1721
1526 1721
2697 2103
2697 26
2103 26
2342 1431
2013 2829
550 851
1169 979
2774 907
1374 2430
966 792
966 2092
792 2092
1265 2239
1265 2372
2239 2372
2283 1653
2283 2589
1653 2589
1291 2517
2257 276
2042 1752
1448 2478
1448 727
2478 727
2528 659
2528 1598
659 1598
673 60
673 1840
60 1840
1341 615
872 296
872 2503
296 2503
2202 2331
2202 2373
2331 2373
1669 2470
1669 2807
2470 2807
2579 102
2579 2826
102 2826
2367 1578
2367 162
1578 162
479 1187
1091 150
1091 2165
150 2165
2066 1248
2066 813
1248 813
1692 1122
2613 10
2613 1334
10 1334
2317 2975
229 2074
229 2598
2074 2598
1512 1971
507 1233
266 1184
2627 1215
2627 1612
1215 1612
1662 906
1363 1481
1363 2700
1481 2700
1064 805
1064 969
805 969
1917 2820
2639 817
2639 107
817 107
395 520
1683 2216
1523 835
1797 1572
2225 892
115 2871
1473 1649
1473 164
1649 164
2883 841
1556 2417
1556 2125
2417 2125
1061 1127
1061 1056
1127 1056
1574 2099
1574 116
2099 116
1798 2
1914 2118
1788 2161
1788 976
2161 976
1597 478
1597 1804
478 1804
739 1654
2512 1789
609 1923
609 2672
1923 2672
463 1319
463 1859
1319 1859
2960 2138
2960 2327
2138 2327
596 560
596 1592
560 1592
632 2386
1525 1236
1930 1376
1930 2065
1376 2065
1727 23
2303 1991
2303 2055
1991 2055
2365 391
2365 2487
391 2487
212 333
212 2070
333 2070
2939 336
2836 873
1397 1564
357 2521
2742 52
1560 1310
1695 2332
1155 962
2953 1596
2081 2314
2081 35
2314 35
785 638
2866 972
2906 1003
1603 455
563 2577
1984 694
1984 2178
694 2178
2930 2131
2930 1106
2131 1106
252 2267
1976 1276
1976 2711
1276 2711
196 713
196 933
713 933
2370 2918
2370 1988
2918 1988
1715 130
269 320
754 1517
2293 1657
2707 2978
2141 2127
1446 2346
1446 2987
2346 2987
684 536
684 1403
536 1403
343 501
343 246
501 246
315 166
91 407
91 1610
407 1610
1756 2966
1756 2371
2966 2371
307 830
307 2595
830 2595
195 109
195 719
109 719
2436 1796
2436 2105
1796 2105
2486 1398
2486 2012
1398 2012
2853 586
2853 530
586 530
2316 696
1600 260
1294 440
1190 2929
2398 2008
2605 1559
2605 913
1559 913
2543 384
2341 1420
1569 325
970 700
970 1869
700 1869
1340 1671
480 780
480 1634
780 1634
96 1544
516 1950
516 1082
1950 1082
1000 2650
5 888
5 1484
888 1484
2036 1619
43 2140
952 468
952 1994
468 1994
2442 1771
1237 2652
1237 73
2652 73
2235 2764
2235 1179
2764 1179
2268 1381
2268 1011
1381 1011
2213 2578
2715 210
127 525
127 1506
525 1506
667 1642
667 342
1642 342
1738 2518
1041 2751
359 2475
1042 2080
1042 1419
2080 1419
429 2315
267 1965
2157 319
1090 597
1090 2476
597 2476
621 2793
2188 753
2188 1402
753 1402
2746 1315
2746 812
1315 812
1129 1908
1129 1189
1908 1189
1961 2128
1961 1874
2128 1874
2253 2224
2253 2712
2224 2712
2497 899
2497 2313
899 2313
1660 914
92 437
92 2446
437 2446
1865 738
1865 2285
738 2285
2421 2349
2651 117
2438 650
2438 1208
650 1208
2488 902
2488 705
902 705
2529 242
1878 762
1878 2519
762 2519
2402 487
2718 2056
2718 904
2056 904
1741 144
2732 1404
2272 1454
2272 231
1454 231
950 346
950 1432
346 1432
1850 2261
1850 1417
2261 1417
2824 1372
2824 2472
1372 2472
2166 2744
56 883
1079 1846
1079 937
1846 937
748 477
776 718
2204 1028
2204 905
1028 905
2726 2571
2726 2958
2571 2958
1330 239
1330 2591
239 2591
1012 2504
1358 1925
1358 1014
1925 1014
836 217
2170 2766
2170 1913
2766 1913
1860 1594
1245 1905
1245 2071
1905 2071
2638 1266
2638 2324
1266 2324
1817 2940
1817 302
2940 302
2348 473
2048 565
1001 2510
1410 2445
1410 1630
2445 1630
2350 849
2350 375
849 375
1742 2160
277 675
2381 9
2381 141
9 141
1951 1945
1951 1823
1945 1823
1582 1416
1582 1793
1416 1793
311 190
461 977
2054 963
693 1198
693 442
1198 442
2674 2780
605 197
2838 1137
2838 879
1137 879
2090 1719
2090 2392
1719 2392
1145 417
1145 810
417 810
1180 1347
1131 1821
1394 1740
984 2648
984 2292
2648 2292
772 2865
2552 752
2552 2708
752 2708
1290 934
1290 1388
934 1388
2135 2089
2135 2716
2089 2716
1613 757
1613 2010
757 2010
2797 2909
2911 1059
606 2668
606 2018
2668 2018
1625 2377
1625 1836
2377 1836
2295 658
1701 2171
1701 522
2171 522
2023 814
598 2789
598 155
2789 155
2387 113
2387 1813
113 1813
2952 1651
2952 2385
1651 2385
2453 716
2453 1263
716 1263
1323 773
1443 2945
270 2703
270 2353
2703 2353
1949 330
2322 1482
2219 2280
795 2034
960 2162
960 2337
2162 2337
855 2936
414 1117
414 1880
1117 1880
2006 1776
2569 2890
1503 2423
1503 998
2423 998
782 824
829 1086
829 1792
1086 1792
40 1916
40 2524
1916 2524
2864 1157
286 2009
2393 2733
2847 620
2847 1722
620 1722
2443 456
2513 1779
2513 2505
1779 2505
1438 2407
1567 821
1567 1199
821 1199
1159 1437
1159 1337
1437 1337
2194 912
2194 668
912 668
38 2333
2775 2005
2775 863
2005 863
880 1242
1690 2923
1690 245
2923 245
1338 1748
2229 1527
1676 1954
1676 1260
1954 1260
2948 1493
2948 1915
1493 1915
1636 1395
1636 1192
1395 1192
1563 1800
1563 2884
1800 2884
2232 1510
2232 17
1510 17
324 1311
324 2468
1311 2468
2816 2459
1731 1784
1731 339
1784 339
1021 427
1021 208
427 208
1643 1167
290 2109
290 2038
2109 2038
2039 74
571 105
571 90
105 90
1325 774
2869 2181
274 1115
274 1019
1115 1019
2120 572
2433 1475
1659 1698
1412 2281
1412 2414
2281 2414
1827 1085
1827 1434
1085 1434
1181 799
1181 1264
799 1264
223 848
1912 2509
1912 1733
2509 1733
900 2858
2723 870
1720 169
1903 2961
1903 1327
2961 1327
2599 2323
2599 2256
2323 2256
41 3000
2451 1070
2451 1566
1070 1566
153 1618
1026 1423
1026 412
1423 412
1479 241
1022 1973
1997 1238
974 2606
2411 1219
462 1641
1318 2409
1318 2463
2409 2463
2368 2069
2368 1889
2069 1889
46 582
46 908
582 908
1204 801
1204 2340
801 2340
660 1257
1080 370
1561 1514
1561 1399
1514 1399
2629 432
2629 183
432 183
2087 2956
317 2083
2305 2861
2305 584
2861 584
146 1782
146 893
1782 893
2479 1824
2479 580
1824 580
34 1866
2014 2049
2047 2189
2601 2063
2601 2207
2063 2207
509 368
826 940
689 2584
763 1675
1739 2925
2666 2439
2666 1321
2439 1321
1628 1661
2654 2434
2654 587
2434 587
2850 852
922 420
2773 2062
1728 1734
2834 175
2834 1934
175 1934
14 2374
1697 2682
1697 850
2682 850
78 1328
2384 2965
2384 65
2965 65
1111 143
968 19
2684 884
2684 2193
884 2193
2967 764
2854 936
2854 2059
936 2059
423 69
2404 2399
2408 889
2192 2321
2192 2277
2321 2277
2915 2142
2915 1460
2142 1460
591 513
591 517
513 517
308 2416
308 1927
2416 1927
2538 2759
1996 871
544 1089
1213 2935
2450 1750
1648 1191
502 1280
502 428
1280 428
372 1830
372 2873
1830 2873
1979 613
583 2427
2514 1781
2514 1522
1781 1522
114 1140
114 2542
1140 2542
2794 1218
2455 2756
2455 564
2756 564
1766 1584
237 2785
737 2406
750 2269
1339 1637
2201 2045
2201 180
2045 180
1436 369
53 1489
53 1138
1489 1138
2581 1948
2581 1222
1948 1222
1333 1066
1333 1447
1066 1447
1462 2238
1462 189
2238 189
1862 2396
1862 1158
2396 1158
233 1667
233 1445
1667 1445
2073 2607
2073 876
2607 876
1185 42
1295 2809
2383 1780
729 494
2210 285
1102 1904
2548 911
2548 1478
911 1478
2741 2588
815 2151
70 2704
1509 2379
298 2618
298 66
2618 66
2564 2748
345 2102
345 546
2102 546
2671 2617
1235 2624
1235 2933
2624 2933
2889 1147
2889 647
1147 647
639 2493
732 2887
732 1969
2887 1969
1165 2916
1165 1816
2916 1816
1826 2815
1668 2104
1668 1269
2104 1269
971 1174
316 2694
471 201
471 842
201 842
2547 2033
2547 380
2033 380
943 515
943 467
515 467
973 1921
101 2464
2389 759
2187 722
2187 2410
722 2410
740 1221
740 1693
1221 1693
1689 2849
1689 1044
2849 1044
2795 465
1907 1005
1907 16
1005 16
1427 531
1427 760
531 760
2124 475
295 2318
1935 275
1888 1307
1888 1286
1307 1286
1031 2714
2190 226
1357 2550
192 680
192 725
680 725
1529 671
1529 1377
671 1377
1084 825
1360 2614
2964 405
736 1008
822 2870
822 1312
2870 1312
860 334
460 2452
2262 356
2262 665
356 665
2095 1252
2903 608
1093 2944
1542 1287
2868 1081
2868 438
1081 438
2924 2271
1621 2981
214 2699
214 2604
2699 2604
981 1787
2136 2247
2136 2998
2247 2998
424 481
2736 2191
1393 2163
1393 2000
2163 2000
2658 1599
421 1551
775 2431
775 744
2431 744
2743 2760
204 915
204 2876
915 2876
2665 618
2583 172
396 1633
396 1791
1633 1791
949 1928
949 2608
1928 2608
2227 2727
2227 1691
2727 1691
917 735
917 2734
735 2734
1646 2011
1646 1010
2011 1010
2688 2154
2558 1170
2558 1647
1170 1647
125 2029
1938 1616
2641 535
2641 2670
535 2670
1075 67
1075 1652
67 1652
2619 2846
2506 1553
2506 2228
1553 2228
1770 112
1770 1148
112 1148
1855 706
32 1609
573 2328
1224 585
1224 2749
585 2749
2027 1271
1160 2206
265 1073
2152 2304
1497 297
2646 1736
2646 256
1736 256
1277 221
1920 36
1986 1037
1986 1964
1037 1964
820 617
1411 27
1876 1421
1876 250
1421 250
2215 1768
2896 1163
2896 1960
1163 1960
1666 2376
1936 1814
2050 997
2050 1918
997 1918
1239 2541
1239 1442
2541 1442
1020 2491
2962 1491
1030 789
1030 161
789 161
545 1808
171 2594
2308 1495
2308 669
1495 669
111 2568
2885 2093
2885 227
2093 227
1034 2209
568 670
568 1861
670 1861
559 1606
1978 1614
1891 721
1995 126
1629 377
991 1119
1909 1844
1516 654
243 1096
1586 255
1586 2415
255 2415
235 2710
235 2562
2710 2562
2728 2681
2728 1737
2681 1737
2772 1589
2772 1281
1589 1281
569 2790
569 349
2790 349
496 999
149 1562
2240 134
1256 1758
2123 1285
612 1857
612 828
1857 828
1258 1353
1258 1839
1353 1839
1352 595
2982 524
1679 1602
1255 194
897 1842
1232 257
1232 2153
257 2153
2810 329
1476 1607
1476 2955
1607 2955
2355 1200
2448 2115
2448 2713
2115 2713
1872 2664
1872 1314
2664 1314
2418 2242
2496 2635
2496 1332
2635 1332
1541 2609
1541 191
2609 191
2296 1023
2296 2300
1023 2300
1590 253
636 2659
1504 818
1504 1577
818 1577
63 2721
2319 1713
2319 1123
1713 1123
1774 1897
179 674
179 2686
674 2686
1707 1845
890 2223
890 2394
2223 2394
2028 790
2028 1764
790 1764
1343 497
2498 1587
99 1490
99 291
1490 291
600 2893
2842 25
2842 2357
25 2357
2649 1116
254 1688
2053 363
2053 619
363 619
2791 1534
2656 2620
2996 12
2996 2525
12 2525
2993 877
1414 453
1414 2673
453 2673
1540 2817
1540 1977
2817 1977
273 2403
1389 220
1206 1819
2424 956
1241 930
1757 2899
1356 1469
1356 558
1469 558
1694 1132
846 2003
1696 2444
1696 353
2444 353
1944 2717
1074 2586
1074 2471
2586 2471
474 2358
474 2130
2358 2130
2413 37
2413 919
37 919
2555 335
2555 1761
335 1761
648 2747
648 1164
2747 1164
1087 402
2719 1677
1229 1718
1229 157
1718 157
2255 935
2255 1710
935 1710
234 1571
2544 2814
206 1807
206 448
1807 448
1957 1197
1957 777
1197 777
1875 1449
2422 2022
2422 140
2022 140
1673 965
1673 1345
965 1345
1895 2663
1895 2920
2663 2920
2251 1537
2251 2246
1537 2246
400 506
373 2016
2508 1254
2508 1451
1254 1451
1036 2859
1036 1243
2859 1243
953 1380
953 1349
1380 1349
2390 631
527 2611
527 2788
2611 2788
2401 2901
2401 131
2901 131
1894 1196
1894 703
1196 703
2590 555
2590 682
555 682
778 2233
778 2375
2233 2375
920 1858
2637 1326
2637 1749
1326 1749
341 2440
910 47
389 2990
2420 2770
2420 561
2770 561
1615 701
1615 2395
701 2395
185 2995
209 562
209 1135
562 1135
1539 410
2886 868
2886 1884
868 1884
87 1933
692 2546
119 1156
2709 1486
2709 901
1486 901
344 2806
1177 1910
1177 577
1910 577
1678 2667
1638 2997
2364 878
2364 2526
878 2526
687 2366
687 1317
2366 1317
2630 2363
1078 720
158 1700
1223 767
1223 1755
767 1755
1968 1959
1024 1765
1024 1251
1765 1251
2265 768
831 1015
1483 1359
1467 994
1467 1336
994 1336
1617 1601
249 2473
249 2113
2473 2113
2874 213
2874 387
213 387
8 2882
88 1143
88 1645
1143 1645
1962 2678
1962 2946
2678 2946
2761 2755
2761 2064
2755 2064
1207 139
1207 2937
139 2937
1745 967
1067 2729
1067 408
2729 408
1405 7
1309 386
1320 2855
2762 2041
2702 957
2702 348
957 348
490 2969
1306 2921
1306 2148
2921 2148
796 1002
2597 13
1900 2116
1094 2020
1094 482
2020 482
2725 610
2725 447
610 447
2636 2596
2636 2537
2596 2537
2088 476
2088 1655
476 1655
1809 1818
2984 1351
2984 1168
1351 1168
129 2249
120 1967
120 1126
1967 1126
1120 1535
1120 2485
1535 2485
261 2149
498 946
1773 2655
2573 2622
2573 2156
2622 2156
2938 2046
1250 746
2214 1608
1346 593
1346 2454
593 2454
1362 2897
1500 299
1500 469
299 469
537 2894
537 2693
2894 2693
2359 677
2359 382
677 382
2388 1270
2388 1805
1270 1805
874 1051
483 1172
483 313
1172 313
2489 1211
2489 2030
1211 2030
603 2230
603 2067
2230 2067
590 557
135 510
2243 2643
2243 1852
2643 1852
800 2298
2687 1373
2687 867
1373 867
947 2522
1622 626
1622 662
626 662
289 581
18 6
18 2234
6 2234
44 156
1210 1717
1210 514
1717 514
779 958
779 1316
958 1316
1076 611
1076 1854
611 1854
1150 1937
1150 1175
1937 1175
715 1513
715 1176
1513 1176
2752 2254
2752 717
2254 717
1039 633
1039 1166
633 1166
2007 678
24 2058
24 1873
2058 1873
2804 566
2804 411
566 411
1832 766
756 2329
489 628
489 2380
628 2380
2208 331
2208 625
331 625
198 1947
985 2245
985 199
2245 199
1018 1543
657 2690
165 193
264 1929
264 2511
1929 2511
903 2146
903 578
2146 578
390 422
1355 1847
2603 2549
2603 1545
2549 1545
2043 2862
2043 309
2862 309
1188 2722
1188 2051
2722 2051
2291 2126
2291 1385
2126 1385
686 523
2536 1348
2536 1461
1348 1461
2279 362
2279 1110
362 1110
433 975
538 1812
2738 76
1244 1217
1244 1384
1217 1384
2037 1043
2037 2072
1043 2072
287 2021
1932 132
1932 923
132 923
1474 2347
486 2184
2802 1864
1838 2949
1877 2310
1877 2758
2310 2758
1466 452
1466 1308
452 1308
439 355
439 94
355 94
1335 2299
306 2557
306 2626
2557 2626
1371 1477
219 1463
219 781
1463 781
875 21
875 205
21 205
2449 2895
2449 2683
2895 2683
1048 2675
853 604
1751 1133
1751 1604
1133 1604
881 2075
2068 2941
2068 1970
2941 1970
511 1650
340 2879
340 441
2879 441
1762 2994
1762 2462
2994 2462
2288 222
2288 393
222 393
1729 1829
993 1837
758 170
758 2631
170 2631
1112 434
1112 1065
434 1065
2653 4
938 137
938 1368
137 1368
454 174
2880 28
2145 2823
1408 642
1408 2467
642 2467
1275 2306
1275 1777
2306 1777
1538 2185
2968 1723
2968 2600
1723 2600
251 485
2222 2917
2222 685
2917 685
1605 2186
2796 1611
187 2326
2520 367
2520 627
367 627
616 707
616 765
707 765
1386 1202
1386 1591
1202 1591
1047 1644
181 726
551 2582
75 858
75 1952
858 1952
1547 2144
1620 1301
1620 1186
1301 1186
2676 228
2905 2825
2474 1178
1521 1136
1521 575
1136 575
1303 1546
1549 838
71 2680
2032 629
2032 2689
629 2689
770 2927
770 1496
2927 1496
579 186
579 403
186 403
1746 1685
640 2252
640 534
2252 534
426 1725
426 771
1725 771
1492 2499
1492 29
2499 29
1114 2545
2902 1450
1103 98
2602 1511
1843 268
1843 2856
268 2856
921 2110
786 954
786 2294
954 2294
2275 1261
2002 1507
2002 2848
1507 2848
202 328
80 83
80 861
83 861
2465 978
2465 553
978 553
2839 499
445 1104
445 1383
1104 1383
839 512
839 2768
512 2768
1841 688
1841 458
688 458
1801 383
1801 791
383 791
2199 1498
2199 401
1498 401
2633 532
2633 2888
532 2888
743 2312
743 2297
2312 2297
11 2466
2787 167
2787 322
167 322
488 2642
374 1524
491 2378
491 2808
2378 2808
602 472
602 2919
472 2919
2435 1055
2645 798
2645 1457
798 1457
1060 2805
2218 2523
2218 607
2523 607
133 2484
305 2782
305 216
2782 216
2147 2198
2147 1530
2198 1530
182 2912
230 712
230 2180
712 2180
2196 1902
2196 1367
1902 1367
1682 451
540 539
1095 49
1095 806
49 806
588 86
1088 2284
1088 1820
2284 1820
2535 2244
964 925
964 1709
925 1709
279 2679
279 31
2679 31
1485 2753
1296 655
809 2950
2137 2798
2137 1870
2798 1870
1557 292
1557 1046
292 1046
39 2302
39 2107
2302 2107
1583 2339
1883 409
1883 683
409 683
854 1624
854 2904
1624 2904
271 2954
1471 68
2574 173
847 928
847 2928
928 2928
1712 232
2767 294
2767 886
294 886
1893 2112
404 106
404 1144
106 1144
2877 2892
2877 944
2892 944
1230 1831
1230 1786
1831 1786
397 178
397 211
178 211
931 844
931 2776
844 2776
1299 1635
2973 2428
1433 1879
1433 2441
1879 2441
327 2287
327 1369
2287 1369
1810 570
1810 1665
570 1665
2270 2500
2270 310
2500 310
2276 1268
1552 2560
1552 2926
2560 2926
2035 2851
2035 1570
2851 1570
1426 652
1426 1370
652 1370
745 2143
745 885
2143 885
2172 385
2172 1833
385 1833
431 1919
1958 1390
1392 1305
1392 2979
1305 2979
1205 622
1205 698
622 698
556 2661
556 784
2661 784
110 1488
1468 1898
2334 711
2334 702
711 702
2647 895
1568 168
1579 1418
1579 656
1418 656
1415 1987
1726 2783
1726 1769
2783 1769
2580 470
2580 1896
470 1896
996 2533
542 1815
1097 988
2720 1058
2720 1057
1058 1057
2530 1288
2530 1464
1288 1464
887 1124
1795 1708
1795 1939
1708 1939
1687 379
1687 755
379 755
1640 1922
1640 2857
1922 2857
548 1981
1775 653
2094 1029
2094 2572
1029 2572
2282 869
2282 1146
869 1146
1247 1480
1247 1396
1480 1396
1052 2290
1052 1151
2290 1151
1664 1505
1664 2307
1505 2307
691 601
691 2025
601 2025
2959 1672
2959 82
1672 82
1033 2169
1033 1387
2169 1387
2494 2221
859 794
1054 1032
2502 2881
1881 2044
1881 1532
2044 1532
2910 1440
1955 2765
1955 1711
2765 1711
2134 2501
2134 927
2501 927
1501 1656
1501 741
1656 741
2559 2660
2559 2311
2660 2311
2174 1494
2174 2900
1494 2900
2360 1430
2844 1284
2844 2531
1284 2531
2457 361
2457 1444
361 1444
2079 1049
163 2570
351 2159
351 1331
2159 1331
526 1558
2822 392
2822 1972
392 1972
413 218
45 366
1 1283
1 1279
1283 1279
2701 1531
676 282
676 1246
282 1246
2456 1639
2456 2662
1639 2662
2173 1297
1083 1724
1406 2482
371 1581
371 661
1581 661
2913 151
2913 2811
151 2811
2971 332
2971 2495
332 2495
215 2419
215 742
2419 742
1760 793
2338 2657
457 945
457 2263
945 2263
200 2241
200 2278
2241 2278
2260 2534
1216 262
2354 2437
419 2553
419 2640
2553 2640
2250 365
1802 425
1802 2203
425 2203
1424 2799
1424 2001
2799 2001
1017 2898
1017 1926
2898 1926
811 337
811 2840
337 2840
1458 2988
1458 1887
2988 1887
2158 1459
939 2867
1228 2991
1228 731
2991 731
283 1262
283 104
1262 104
2632 450
1956 64
1956 97
64 97
1686 142
1686 225
142 225
1680 2833
145 1890
145 2108
1890 2108
2735 1554
2972 2575
2540 1161
2540 1361
1161 1361
2628 1098
1400 207
1400 1226
207 1226
843 2259
843 990
2259 990
493 1212
493 1272
1212 1272
1149 857
1350 1999
1350 637
1999 637
1670 1407
1670 1941
1407 1941
2168 2200
1035 89
1227 982
1227 466
982 466
2114 1267
20 495
2469 1101
2483 959
1882 918
862 2273
862 303
2273 303
2724 72
1681 1108
1681 2461
1108 2461
1825 350
2698 2942
159 1892
159 894
1892 894
50 941
312 2077
312 1182
2077 1182
1623 1992
1623 845
1992 845
2778 1899
2778 2122
1899 2122
177 2426
2309 378
2309 2106
378 2106
1142 1803
2301 1162
1942 803
1231 2610
2362 823
1382 2096
1382 1004
2096 1004
955 1499
955 1931
1499 1931
1763 293
1077 1013
2803 1304
1194 184
1194 1107
184 1107
1354 1298
1040 1249
503 1975
503 989
1975 989
93 2150
138 1518
864 2593
864 541
2593 541
1835 2091
1835 1324
2091 1324
128 2248
891 2685
891 2320
2685 2320
643 2932
643 518
2932 518
529 695
529 1974
695 1974
2832 948
2832 1528
948 1528
832 808
832 58
808 58
1092 300
443 589
443 2177
589 2177
318 2891
136 1508
136 1627
1508 1627
2217 834
2217 724
834 724
2481 1125
2481 651
1125 651
1772 2696
1772 124
2696 124
1980 635
1980 2977
635 2977
802 2183
802 2989
2183 2989
2264 1536
2264 1203
1536 1203
1595 1753
1595 2983
1753 2983
1885 2205
666 314
2345 2769
2024 1141
1152 55
1428 2878
1703 1998
1703 1153
1998 1153
2237 926
2432 2792
2412 2179
1906 238
1906 723
238 723
484 1705
484 896
1705 896
734 1072
2706 1806
714 783
714 1863
783 1863
459 1585
459 697
1585 697
2914 1487
2914 1519
1487 1519
3 1113
3 388
1113 388
574 1109
2779 641
2623 2812
2623 1100
2812 1100
2167 301
992 2875
2015 2480
2015 1631
2480 1631
898 67
898 462
67 462
2193 2081
2193 1157
2081 1157
2647 2745
1884 566
671 1788
1823 2768
293 1934
293 1826
1934 1826
1963 494
1730 2602
1438 397
1438 2767
397 2767
1228 2972
1228 76
2972 76
1330 1747
1330 1743
1747 1743
422 1449
1286 2535
1286 1144
2535 1144
1825 253
2198 2220
2706 1647
1333 395
1333 1474
395 1474
341 2138
2083 2073
2083 782
2073 782
1982 92
1301 2923
1301 1926
2923 1926
2498 1692
110 364
1978 2621
1978 554
2621 554
2982 992
2982 1142
992 1142
1749 2207
842 614
1640 545
1640 1076
545 1076
1277 2414
1277 1800
2414 1800
2045 16
2045 1466
16 1466
1160 623
1657 1375
57 2317
57 2917
2317 2917
121 1038
240 1320
414 2618
414 1843
2618 1843
893 45
893 274
45 274
1711 1153
1711 1500
1153 1500
277 2356
277 1214
2356 1214
2251 922
2251 2556
922 2556
2824 732
2204 170
1750 486
1750 1739
486 1739
2868 2724
2868 9
2724 9
410 2744
410 1100
2744 1100
1960 2086
1960 2576
2086 2576
1112 2985
987 1712
1300 2899
228 1525
228 1065
1525 1065
666 1607
347 2118
347 729
2118 729
2008 1987
2008 1133
1987 1133
1744 1827
889 1738
1253 1598
939 2683
939 1627
2683 1627
529 2631
2690 2357
2690 2992
2357 2992
2790 838
203 2276
393 2438
1035 2281
1418 1554
1418 1293
1554 1293
2232 2274
1407 2279
1216 2740
1216 1759
2740 1759
1511 991
1391 913
1391 2098
913 2098
674 89
2262 1673
2262 2268
1673 2268
2611 1175
2611 343
1175 343
2710 2297
2710 2390
2297 2390
1161 2702
26 1408
26 2270
1408 2270
1453 1764
1255 2036
1255 2527
2036 2527
809 2815
809 2416
2815 2416
2299 1956
424 982
424 2791
982 2791
1725 2931
941 2154
2144 993
2656 2168
2656 626
2168 626
2329 1796
2329 2950
1796 2950
172 1004
172 489
1004 489
127 514
127 2339
514 2339
503 1546
1923 2692
1923 1275
2692 1275
2473 822
2473 492
822 492
77 1833
1050 2887
1050 2775
2887 2775
316 915
316 123
915 123
1196 1829
2376 534
2376 2358
534 2358
390 702
390 1092
702 1092
1130 1156
1210 2395
375 1347
375 2779
1347 2779
265 2286
2849 1592
1377 2851
2163 2524
2163 1768
2524 1768
2172 1570
2172 346
1570 346
962 268
1351 2404
2483 1095
2483 1046
1095 1046
2540 2989
2595 2386
2595 433
2386 433
932 1528
932 772
1528 772
1899 920
1899 587
920 587
527 2846
527 291
2846 291
1206 1435
2407 2063
1862 2441
2714 469
2714 2709
469 2709
1882 2705
1882 963
2705 963
1285 781
308 1813
308 504
1813 504
1836 1382
923 143
923 2181
143 2181
303 2442
303 255
2442 255
2996 2372
801 457
678 2995
678 523
2995 523
901 2795
901 1958
2795 1958
1355 942
1355 2170
942 2170
2624 2963
2624 1754
2963 1754
310 321
310 2687
321 2687
1772 802
1772 61
802 61
835 2970
835 2854
2970 2854
1913 25
1913 908
25 908
1671 249
1671 673
249 673
1359 2113
1359 2152
2113 2152
209 1381
209 78
1381 78
576 512
2023 2832
2023 1858
2832 1858
2912 896
463 2789
235 917
235 759
917 759
586 2195
349 189
349 413
189 413
337 911
582 1164
1812 833
1812 2904
833 2904
2412 1921
2412 931
1921 931
2010 916
2010 570
916 570
102 1955
557 1306
557 1966
1306 1966
267 1897
694 2532
694 680
2532 680
2864 1135
815 292
815 606
292 606
640 1327
640 929
1327 929
1111 2060
711 1915
2510 2704
400 691
400 405
691 405
1172 986
1172 698
986 698
1950 2271
1950 820
2271 820
1710 156
1893 1203
1893 1701
1203 1701
19 150
351 2943
1148 832
2872 1231
2872 2544
1231 2544
2194 1603
2494 1033
2494 160
1033 160
773 2939
977 1784
1522 2720
625 1201
1458 2328
1458 2288
2328 2288
2845 95
2845 511
95 511
2625 1645
443 1452
443 665
1452 665
2492 324
2694 949
2694 2592
949 2592
2330 1516
2330 1305
1516 1305
1679 1078
1679 1040
1078 1040
278 113
278 2435
113 2435
1617 854
2296 2877
2296 1401
2877 1401
502 2016
814 470
814 1190
470 1190
2578 91
2578 1389
91 1389
2239 1434
2598 1480
2598 1879
1480 1879
1049 2797
2738 1952
2738 2680
1952 2680
1199 2976
2308 657
2308 231
657 231
1832 735
2047 497
2047 2571
497 2571
563 597
563 1761
597 1761
