1000 5000
405 193
747 640
538 297
184 66
507 418
402 364
253 844
88 481
975 890
265 621
177 527
646 990
973 894
178 418
921 874
696 178
612 570
2 814
16 550
853 133
992 586
90 216
489 334
40 795
618 230
290 171
785 32
923 745
390 372
574 129
581 70
489 26
66 865
725 849
492 758
23 410
9 206
762 847
91 677
61 195
90 323
19 980
332 467
125 982
312 260
302 743
850 494
858 684
878 940
68 424
120 974
931 925
506 238
671 338
887 977
291 716
646 456
248 286
486 302
933 515
113 25
562 529
623 545
678 905
7 743
690 88
227 900
604 301
918 459
406 497
127 328
997 178
698 317
836 44
935 837
339 204
284 760
775 262
69 734
161 223
678 484
282 498
577 97
505 376
671 35
804 696
817 884
829 507
59 616
905 525
570 81
90 183
779 409
150 884
846 21
796 619
675 843
622 261
613 310
644 663
702 299
258 577
828 611
367 909
569 616
878 201
136 845
240 553
905 96
660 372
321 715
380 960
731 164
667 557
159 134
40 786
333 608
45 690
876 947
254 135
837 542
359 407
38 480
176 40
368 488
729 878
576 547
405 243
475 132
334 265
18 789
410 160
128 604
102 589
713 182
544 797
252 820
624 172
571 251
26 602
275 304
340 219
828 210
551 22
2 144
736 828
376 433
276 251
247 382
3 432
37 411
666 309
604 846
225 899
700 570
981 221
807 748
237 244
62 256
542 862
11 190
625 308
991 826
238 341
201 394
753 311
381 780
98 544
279 110
805 20
260 504
211 307
381 985
421 885
34 833
559 716
989 506
80 402
181 307
927 49
877 218
578 697
565 867
95 249
219 301
663 899
159 49
941 99
655 188
586 645
197 422
530 88
62 459
447 763
286 646
368 736
749 795
387 937
33 216
191 546
970 208
428 761
584 892
275 719
833 388
868 866
200 259
881 389
982 913
538 8
189 341
717 265
229 538
113 181
191 740
313 596
721 650
509 95
590 130
367 29
74 842
499 286
748 925
21 139
651 683
215 458
836 813
666 626
369 435
764 685
413 33
673 960
605 680
43 813
124 831
887 741
675 998
995 39
685 519
893 584
46 807
812 927
769 239
283 285
628 203
172 943
760 346
964 408
357 939
204 453
183 233
626 276
568 81
179 641
674 961
758 851
620 191
710 590
3 125
426 186
900 564
801 419
472 313
293 132
396 195
527 787
410 417
390 144
545 356
700 105
925 82
612 703
371 629
377 549
388 175
797 100
185 943
112 205
779 624
223 355
486 577
9 239
6 837
40 148
739 458
878 190
13 292
207 6
322 801
163 18
557 710
276 157
242 645
545 866
183 102
755 237
147 310
942 884
71 939
91 223
482 679
372 963
658 647
88 59
422 898
767 541
832 171
651 108
491 665
732 831
883 832
720 471
501 720
446 251
36 957
60 23
163 132
183 900
188 129
229 778
253 841
175 285
229 677
90 429
185 358
435 283
964 37
225 633
946 397
404 522
570 785
288 686
531 752
848 513
561 686
445 112
210 458
192 920
128 269
474 875
572 527
394 591
64 978
916 100
549 512
734 357
796 775
531 579
776 304
978 758
724 166
276 178
770 836
434 976
516 751
558 367
967 550
607 250
380 597
425 29
867 967
431 566
959 204
61 756
91 998
654 512
214 986
653 592
151 28
687 110
814 19
660 124
965 588
744 156
270 825
739 435
537 94
295 610
391 504
605 69
659 585
585 788
783 318
856 579
351 222
887 523
865 375
241 442
445 943
424 663
628 514
483 794
415 719
790 802
129 731
651 816
397 763
61 608
296 180
703 556
481 199
462 44
523 462
348 664
439 914
87 186
549 469
670 852
25 167
104 755
59 362
24 539
525 582
398 129
163 274
162 89
558 170
253 276
597 929
194 240
611 876
531 885
192 748
769 240
763 466
26 219
446 232
261 692
957 688
939 283
932 848
716 433
974 705
899 227
781 629
617 904
987 884
352 402
600 175
926 272
181 344
413 946
167 327
97 802
870 871
414 177
247 468
469 666
122 80
486 75
421 829
284 283
932 935
753 535
121 340
843 416
776 555
368 761
864 723
710 677
26 24
857 173
859 650
537 697
487 172
518 701
29 927
619 997
808 787
286 504
575 351
263 305
978 92
717 334
346 340
73 943
904 701
771 619
364 560
161 2
47 915
240 265
571 19
788 901
197 866
29 285
649 511
626 243
312 916
842 696
283 902
8 772
115 966
677 244
120 879
971 310
574 15
108 206
879 364
669 384
650 25
341 878
485 226
20 175
912 133
537 778
687 432
173 641
587 820
87 644
979 508
298 922
660 168
513 576
197 674
56 644
17 462
315 754
124 545
363 586
43 552
667 262
877 858
616 10
262 394
523 66
374 811
142 4
114 217
383 601
196 19
679 948
721 942
92 452
467 444
932 681
953 146
343 175
344 20
718 670
913 302
722 390
192 288
667 150
483 19
328 726
173 672
615 581
834 813
960 819
589 500
840 422
474 280
175 569
508 225
901 9
712 109
599 828
279 130
678 686
330 764
565 689
593 167
688 180
283 26
838 555
820 121
480 553
308 678
602 761
213 609
155 850
346 135
915 372
883 600
603 804
974 139
878 299
451 633
20 719
202 703
578 976
348 371
580 367
718 652
305 96
623 278
251 313
587 161
906 736
368 93
558 672
559 965
506 301
142 788
302 606
664 176
94 404
357 559
154 171
394 480
804 796
813 646
712 216
658 582
744 211
10 573
997 655
47 948
804 233
125 248
328 740
857 693
6 133
71 210
104 637
426 22
620 462
191 481
232 595
798 609
988 195
236 329
68 554
159 758
110 354
852 606
57 940
913 626
143 449
165 99
632 581
140 784
17 397
243 312
281 151
902 142
988 39
473 201
423 141
700 865
808 604
864 214
220 47
634 656
571 81
934 958
81 922
715 91
431 994
774 384
811 449
674 406
307 666
389 545
505 589
209 493
787 646
493 93
638 751
936 898
700 310
816 966
383 950
386 888
824 443
236 529
138 196
322 200
846 745
61 713
627 175
132 341
288 672
941 117
513 922
688 201
578 330
740 88
831 921
431 62
487 633
572 852
334 395
922 773
997 522
421 778
827 610
243 449
587 339
497 715
488 45
541 354
664 853
932 266
724 732
885 617
133 806
271 458
267 476
949 247
22 881
670 381
764 498
946 95
86 507
891 643
225 373
125 832
322 231
2 634
367 314
737 59
492 755
76 787
984 310
64 878
341 362
185 354
271 819
394 204
862 812
122 419
171 282
650 281
753 621
96 228
528 138
968 869
526 872
563 704
63 73
175 706
952 194
817 310
528 37
702 97
178 312
435 694
934 484
392 483
567 741
431 447
132 54
620 949
157 893
311 367
799 785
551 778
996 729
14 696
18 194
753 320
600 975
684 40
573 486
803 617
806 114
8 616
312 280
12 639
628 308
450 280
181 732
989 197
703 158
193 700
489 994
747 1000
992 572
687 12
629 315
165 381
744 135
174 852
133 296
462 258
971 525
377 692
401 910
728 409
237 681
918 980
451 948
345 821
760 630
14 988
153 329
886 125
881 353
681 696
615 605
488 141
814 795
887 395
466 465
153 421
834 566
205 744
711 867
79 545
463 357
258 928
16 125
18 514
3 388
579 155
946 853
604 29
459 113
785 825
29 846
947 738
969 953
810 696
808 492
671 625
948 52
365 490
221 156
458 833
248 609
428 226
410 919
785 294
217 529
41 84
463 240
432 193
599 315
365 471
991 952
812 541
520 979
368 847
285 322
739 868
44 744
827 396
169 133
172 259
983 340
921 961
355 486
189 774
12 404
433 184
110 627
969 833
26 493
151 581
442 607
429 545
65 748
459 571
498 949
418 856
888 801
157 174
827 272
121 617
993 123
377 820
339 629
461 522
405 338
561 81
3 458
585 268
658 680
968 711
652 644
174 250
618 745
982 899
779 329
209 429
462 463
883 612
684 296
350 983
211 173
964 626
237 808
636 341
12 728
604 424
711 974
892 905
420 87
919 60
766 615
107 767
557 309
813 709
51 640
234 384
242 56
531 925
286 364
801 735
822 255
807 908
561 520
565 469
200 469
538 28
872 152
466 141
758 203
445 650
788 6
891 497
531 59
719 343
974 808
449 42
836 600
633 362
203 875
335 59
15 875
466 927
948 160
134 797
691 512
110 299
521 772
72 751
626 398
460 350
100 818
220 142
95 732
172 297
612 878
16 531
438 510
873 63
438 990
629 639
95 847
947 498
661 342
827 613
281 1000
629 550
528 879
59 643
685 542
878 435
598 752
806 74
126 322
216 373
554 605
523 32
256 635
727 827
431 592
253 107
252 96
236 758
395 387
69 333
372 556
156 136
593 998
230 933
575 631
272 974
767 599
446 618
893 830
357 837
542 87
458 848
633 615
643 417
352 130
193 495
37 40
564 180
496 974
884 433
871 483
835 367
179 861
157 424
801 286
872 796
517 55
999 987
145 366
436 546
460 960
526 286
435 330
497 625
161 320
363 548
634 864
93 854
624 243
351 986
866 749
973 747
46 703
559 34
410 463
493 717
511 926
402 956
493 362
192 920
688 838
32 31
696 409
913 636
602 422
276 414
327 99
884 318
633 16
328 775
67 641
957 594
988 599
297 969
833 505
124 812
764 982
687 591
14 821
64 599
164 987
563 826
812 461
32 721
248 696
102 837
403 483
212 848
72 925
591 674
171 276
322 320
525 423
280 403
973 637
912 235
339 94
301 869
854 744
362 390
526 555
199 178
601 663
430 609
119 428
492 947
120 868
504 668
588 772
788 97
481 722
646 903
93 639
157 516
798 634
113 406
167 270
188 991
772 481
155 219
839 844
641 320
359 917
870 185
841 889
245 731
218 563
62 85
851 144
951 587
380 832
697 392
952 473
980 433
624 813
687 625
101 170
147 742
347 823
820 909
388 119
889 339
527 236
326 603
131 531
719 37
402 629
435 7
94 666
865 448
793 859
132 154
285 399
663 114
152 322
343 178
313 909
252 862
22 950
156 283
84 209
380 347
371 769
412 160
199 294
164 58
218 841
430 303
302 946
93 652
846 712
386 852
653 15
399 968
313 416
961 594
894 145
123 955
804 783
360 800
715 641
70 508
344 190
705 618
366 473
949 750
616 665
16 191
87 34
660 849
33 394
282 17
491 667
453 947
288 747
676 564
479 366
719 128
689 530
985 818
251 81
510 65
807 475
950 839
438 30
712 658
59 50
134 831
792 986
745 574
432 611
956 947
422 102
411 186
414 662
983 831
902 68
408 317
242 147
283 476
678 329
572 8
294 126
791 382
19 183
873 512
973 373
897 828
565 735
270 363
527 707
880 456
459 900
218 600
140 563
422 116
410 946
411 382
65 53
537 636
290 314
669 919
733 642
357 120
197 741
676 501
153 618
387 428
329 331
864 133
855 915
483 275
695 466
156 917
607 216
375 273
729 78
936 914
556 608
543 515
74 108
592 554
792 307
113 601
707 716
228 744
492 660
975 126
348 292
303 853
857 314
695 893
583 416
667 116
660 263
200 611
591 708
435 714
447 505
920 286
402 722
46 820
734 997
238 375
97 298
25 631
692 807
586 977
829 227
735 574
438 966
882 153
78 640
187 24
139 220
734 652
450 5
628 82
93 114
725 509
250 998
42 154
43 952
29 93
727 137
72 678
445 30
481 652
350 633
604 698
592 373
755 299
49 580
124 860
446 7
324 279
609 98
64 707
140 842
482 120
677 194
492 445
269 159
479 252
477 80
960 822
146 64
45 82
998 249
103 788
715 599
213 664
68 805
180 57
752 900
660 241
278 660
715 932
238 451
508 237
824 539
724 503
497 879
137 293
367 315
563 304
867 526
49 354
252 460
779 839
558 778
135 590
346 342
248 425
295 65
273 708
124 736
115 721
288 225
574 674
865 857
797 682
553 467
138 48
133 329
857 755
136 332
633 346
334 986
999 691
682 431
511 630
317 43
672 841
719 932
323 489
189 616
813 882
698 633
564 25
533 253
134 384
371 900
872 940
477 618
610 401
326 823
312 131
241 619
2 866
712 846
917 52
517 11
359 92
694 2
825 994
100 397
812 322
117 232
772 249
632 392
365 352
646 991
400 660
197 382
725 697
710 943
475 661
761 505
240 158
78 347
689 918
467 914
366 907
346 93
204 474
92 607
603 333
33 765
199 841
926 16
913 810
911 148
455 981
634 196
796 615
530 699
922 189
550 144
560 550
319 910
480 710
388 172
219 774
980 749
729 375
891 234
954 544
496 506
97 787
415 430
513 433
771 422
105 404
99 939
173 895
53 287
441 344
212 579
732 712
608 679
470 914
958 173
150 834
130 154
203 639
318 338
121 600
165 796
243 236
697 242
917 720
944 836
465 397
163 560
234 533
647 337
601 227
188 448
4 285
172 249
228 794
1000 581
402 412
972 887
821 335
11 627
931 967
644 764
508 942
923 180
947 325
921 340
619 381
83 825
575 106
507 901
653 477
522 35
279 922
931 460
380 117
984 18
1000 366
362 856
883 894
325 883
275 893
287 748
487 534
741 222
422 179
177 882
882 61
204 160
88 53
440 490
348 59
578 156
328 687
47 203
629 506
795 361
482 833
167 87
18 432
557 227
860 786
877 724
252 86
9 166
943 728
738 705
573 906
850 622
645 47
964 997
366 779
672 814
152 619
23 801
465 20
635 978
333 298
1000 69
272 933
144 451
636 445
786 989
133 326
697 671
174 751
805 676
484 92
656 784
633 574
208 295
300 591
457 838
312 152
16 820
866 763
837 96
512 382
132 913
285 723
191 182
921 922
94 979
558 420
41 439
695 79
701 988
203 810
365 670
840 322
411 458
252 290
573 7
412 213
481 157
839 417
265 541
601 61
861 838
766 220
578 591
513 976
567 999
42 559
52 861
385 552
226 815
783 868
65 307
225 322
912 842
57 23
554 765
592 112
174 943
638 717
614 690
845 640
255 374
133 301
878 642
687 740
732 395
679 300
869 177
729 751
740 674
333 57
448 887
165 390
97 768
532 166
708 110
461 350
408 190
629 67
76 466
857 305
203 6
392 796
992 88
60 892
333 975
95 298
394 161
616 874
626 582
688 973
334 515
508 848
11 138
103 754
836 133
922 985
703 47
965 165
121 742
256 118
433 863
867 169
385 536
727 328
860 203
577 403
329 2
749 220
322 3
535 831
881 262
58 698
948 842
234 677
38 147
314 118
282 426
210 75
833 880
672 107
594 881
942 303
668 86
202 553
499 50
201 125
962 849
794 217
162 255
45 689
492 263
524 821
711 450
161 992
29 712
819 331
112 612
136 864
231 613
400 316
196 87
545 611
929 180
461 250
359 665
805 834
524 687
182 702
168 619
165 704
847 3
440 45
168 620
638 698
476 590
662 126
510 655
57 476
172 961
59 421
458 922
457 360
86 422
288 655
584 330
449 500
320 997
843 251
270 988
262 638
633 764
958 991
36 420
621 278
425 122
87 505
437 123
322 905
43 673
164 238
93 612
762 955
576 408
66 403
325 767
913 109
974 507
760 440
699 305
683 936
480 69
149 289
459 71
461 841
108 494
115 198
185 269
225 328
771 292
462 659
250 145
183 596
513 928
505 640
218 85
813 66
724 408
113 779
125 547
294 574
602 688
52 843
16 354
781 352
635 424
65 411
497 102
261 830
659 200
823 999
742 948
412 4
541 35
488 504
81 590
875 368
500 619
479 559
256 517
165 608
256 896
599 796
351 426
230 595
889 867
668 156
80 465
293 960
297 299
112 387
178 977
795 997
98 465
161 836
291 426
315 48
68 66
157 159
90 417
492 159
172 690
938 373
29 255
141 193
242 975
764 951
96 845
53 654
210 165
564 770
283 392
858 269
245 354
492 298
108 987
603 222
233 644
24 718
598 540
929 158
146 42
307 787
586 363
818 270
271 265
425 462
436 556
404 24
815 885
539 424
581 550
312 489
707 635
821 610
994 382
209 230
24 527
83 482
497 741
541 971
633 517
749 513
454 533
596 939
54 430
828 844
563 507
446 437
794 592
243 848
875 23
530 967
495 555
189 272
745 78
810 326
66 537
18 818
136 200
995 752
969 208
436 987
905 749
891 755
260 227
809 813
445 478
630 258
374 724
660 911
717 808
871 923
216 21
977 137
497 186
462 779
815 563
63 189
922 761
253 940
87 984
122 746
374 660
294 619
843 560
485 714
944 312
444 660
236 350
409 340
481 165
274 132
486 754
24 87
678 236
927 857
174 50
193 489
875 690
935 712
41 615
143 611
919 609
101 188
379 625
326 877
123 348
793 755
734 834
857 731
185 422
152 34
855 45
123 673
766 364
655 789
418 567
362 743
829 125
441 240
87 127
486 787
817 54
532 702
218 479
696 578
898 249
623 534
573 124
763 89
896 747
622 14
898 306
818 632
76 950
45 78
886 471
851 222
957 420
285 330
337 925
617 706
212 965
201 526
2 443
647 260
833 69
450 29
647 726
384 931
213 343
783 910
532 489
359 329
725 390
457 180
992 182
191 920
75 252
885 501
35 77
53 377
67 196
142 511
43 839
376 727
986 581
648 661
617 326
389 214
310 676
448 824
161 938
940 257
357 654
812 896
222 524
735 111
120 885
602 140
756 124
168 873
948 958
225 817
701 498
648 546
404 29
571 474
937 801
232 383
565 250
620 929
423 123
395 148
63 616
585 891
230 354
727 703
133 373
722 846
51 356
961 922
197 734
26 993
857 754
462 324
82 415
141 501
671 853
346 908
258 167
650 668
719 317
918 826
498 384
254 389
282 809
472 149
959 920
230 500
71 439
919 701
423 695
354 52
787 388
876 300
452 502
211 677
352 664
344 386
576 549
741 808
535 201
882 305
747 667
729 907
923 647
996 110
813 660
108 279
284 446
645 333
131 406
545 26
483 987
696 605
19 750
662 647
635 551
64 543
548 203
939 723
176 979
77 837
257 823
475 132
267 279
828 901
767 937
268 633
404 480
717 882
185 868
332 947
334 295
75 720
149 915
400 288
720 631
194 948
472 76
788 988
648 703
530 741
68 887
528 381
670 574
917 788
357 778
402 231
957 637
836 94
130 984
47 924
413 264
145 397
177 512
140 553
451 505
44 48
573 533
514 874
23 402
981 864
341 845
205 578
521 439
844 783
814 96
845 463
246 731
92 634
19 383
419 763
144 488
304 980
397 113
579 167
548 215
199 632
234 459
865 279
843 270
150 34
118 704
248 612
429 774
196 546
325 768
789 940
410 612
688 706
348 560
803 62
256 990
314 960
603 463
238 55
979 512
622 282
275 920
632 48
306 900
459 3
380 880
125 223
27 163
779 995
622 990
587 934
142 451
961 17
527 520
358 370
469 432
819 915
812 145
474 58
691 76
241 227
26 463
57 883
511 801
529 398
569 638
730 138
889 316
320 880
674 761
157 948
564 73
197 318
977 611
223 897
745 417
63 899
773 717
910 162
87 554
79 940
572 503
139 948
264 226
106 567
171 876
129 312
605 448
976 515
833 133
645 202
370 398
677 200
159 474
452 404
736 210
548 520
933 976
917 491
806 361
737 609
871 920
357 304
391 287
95 103
257 634
751 117
997 895
537 149
893 214
511 351
67 946
772 863
981 49
300 933
228 648
295 914
812 27
175 180
472 76
282 980
398 672
259 343
607 35
209 849
841 84
448 232
520 322
53 725
634 23
530 802
604 766
262 915
804 803
13 186
40 533
138 940
112 434
686 604
927 320
407 423
917 705
731 924
121 281
868 997
764 384
373 492
849 916
428 2
12 866
98 856
389 247
434 928
167 555
687 620
911 905
501 358
727 130
674 641
923 516
175 661
664 831
708 878
624 961
890 960
203 428
46 620
558 582
51 907
1000 415
70 312
902 430
855 658
556 277
62 322
24 329
378 165
697 827
900 377
47 116
3 729
247 941
383 886
733 225
432 925
696 159
41 73
739 542
499 74
310 591
839 590
390 468
737 35
907 251
322 462
122 271
600 117
470 720
284 768
377 432
637 477
794 559
412 672
163 429
853 577
394 67
114 261
846 189
191 42
507 524
393 645
25 85
830 837
318 504
288 864
611 949
318 304
660 34
631 162
871 317
121 239
641 113
822 105
233 97
660 479
218 289
473 59
269 746
678 948
870 404
380 922
487 796
718 681
420 899
856 510
600 81
804 153
46 269
337 513
152 409
794 463
23 4
863 639
774 813
135 370
948 569
247 507
316 829
431 861
799 18
808 884
4 690
376 49
596 862
252 479
469 185
93 291
78 572
442 859
995 314
674 612
345 650
65 50
491 396
683 291
349 969
921 898
406 68
606 315
34 925
406 338
789 154
160 69
549 236
162 881
552 939
686 248
814 330
722 441
370 551
832 463
220 718
55 501
168 997
893 882
977 879
330 983
503 97
877 652
766 371
665 730
976 591
924 28
700 353
63 415
63 611
575 700
506 987
887 798
561 776
288 60
506 313
307 492
592 291
512 857
901 260
83 423
923 846
282 762
236 114
645 244
596 294
700 607
373 842
33 950
547 643
28 421
566 493
783 463
702 762
364 169
271 102
972 158
553 809
857 670
725 176
534 657
526 72
754 278
420 402
975 752
99 858
796 862
474 78
792 338
75 280
500 215
592 561
588 517
687 711
716 57
826 40
109 373
800 101
93 577
166 723
929 189
341 702
252 357
194 171
677 585
847 768
523 106
234 62
593 6
878 829
524 266
303 227
419 72
286 151
483 369
239 996
315 509
536 472
200 879
873 218
903 287
796 627
108 507
964 505
578 813
303 51
603 240
294 83
984 150
870 907
940 260
513 115
198 520
8 355
965 98
785 459
472 147
687 964
323 75
54 455
536 897
123 78
415 96
349 376
664 39
70 991
405 243
668 281
684 439
366 586
161 680
636 775
50 33
191 714
749 262
569 613
979 323
976 996
773 442
483 689
946 204
778 551
388 693
675 839
133 351
956 462
927 989
509 932
371 719
494 237
769 201
766 233
308 142
150 766
612 264
141 997
667 925
854 697
285 687
478 612
336 296
856 510
932 655
387 524
325 676
543 907
762 797
480 860
159 742
731 230
401 205
259 895
939 59
528 628
700 773
351 408
499 601
14 81
882 70
459 315
10 161
304 410
155 132
382 185
80 848
408 431
491 489
159 421
114 271
24 910
672 656
294 163
123 790
786 248
137 220
621 274
767 26
959 738
633 456
379 82
901 163
527 590
861 554
993 56
492 194
147 381
895 240
870 305
605 239
387 920
37 353
107 169
655 309
949 928
119 897
377 687
445 62
704 935
758 244
816 972
136 640
680 49
323 871
580 763
917 893
371 1
92 54
836 682
35 278
20 684
969 425
102 238
345 125
113 240
903 873
553 982
82 49
890 532
740 210
802 77
669 53
11 485
916 552
166 902
562 783
987 535
166 526
981 629
305 891
433 40
884 871
588 648
450 436
561 440
468 109
505 271
343 189
889 609
421 693
893 112
319 562
251 672
536 979
22 708
20 944
348 148
275 754
858 19
818 432
199 928
48 958
456 664
883 538
796 623
638 610
13 137
831 428
929 996
939 552
778 302
518 808
903 535
265 498
263 28
911 608
469 628
978 74
243 127
426 380
514 372
864 155
960 979
884 835
350 262
193 545
822 812
103 627
676 306
154 688
96 335
509 1000
634 794
505 782
748 673
979 942
565 638
951 650
97 277
828 360
562 525
639 124
454 691
494 331
118 773
819 773
292 60
547 521
866 503
950 180
35 142
93 740
813 869
243 292
915 43
744 443
800 645
473 292
778 166
911 21
968 868
327 223
263 229
37 866
114 966
97 242
505 902
888 179
406 93
472 294
949 992
793 677
876 133
304 224
446 926
947 513
718 954
273 602
283 50
864 585
554 139
612 923
449 690
924 252
347 56
796 451
920 350
759 305
366 414
827 510
559 904
527 441
913 280
835 17
573 978
266 399
758 259
492 203
757 197
244 7
223 738
721 492
147 8
39 72
520 875
421 85
5 159
982 62
571 273
914 731
573 117
892 930
865 314
869 438
10 879
345 690
804 60
19 250
233 540
163 833
761 350
24 446
923 104
685 548
536 320
994 241
329 23
407 38
131 95
400 76
477 997
121 750
969 132
600 286
17 411
714 354
66 927
293 556
234 562
333 28
275 493
626 674
303 853
363 226
701 470
720 918
239 659
52 306
220 801
744 186
423 659
169 171
495 162
496 326
303 413
466 246
968 532
487 537
775 412
606 633
656 311
17 547
170 76
581 325
163 140
828 972
646 474
906 153
605 374
790 162
946 717
890 737
21 615
52 585
843 835
748 80
196 100
140 74
592 924
84 557
831 164
540 137
962 903
380 800
503 272
549 394
398 499
371 653
410 593
288 644
291 787
961 762
470 160
958 194
326 87
954 256
926 118
254 414
185 100
291 281
929 156
723 946
336 306
59 475
630 267
384 727
707 668
481 918
221 970
307 163
616 349
913 159
895 400
647 843
456 780
657 576
69 376
410 50
66 512
402 572
753 224
164 460
532 870
129 681
217 748
204 887
93 125
763 712
353 984
645 183
800 737
292 9
745 273
15 476
94 55
336 450
839 429
579 124
914 45
855 794
303 664
163 130
420 929
378 430
20 36
573 740
197 49
414 938
377 376
506 605
281 955
339 919
496 558
427 13
868 259
296 512
601 257
912 246
928 945
545 96
831 607
421 518
17 450
953 531
214 319
101 988
554 274
920 130
224 246
147 229
262 418
955 370
975 857
882 894
554 50
985 88
24 551
901 56
154 175
705 257
318 586
810 49
738 769
238 880
320 898
268 743
109 222
965 660
218 471
168 802
569 861
352 839
9 260
899 301
439 332
962 659
9 2
245 639
78 680
104 393
958 147
544 954
97 988
557 626
586 533
293 117
976 65
738 112
525 383
88 752
792 712
691 751
575 463
817 328
325 667
242 392
357 192
352 55
49 333
726 78
476 956
778 94
819 715
686 718
228 429
367 736
53 150
778 610
788 709
952 269
657 804
475 979
548 321
744 175
869 193
193 147
688 867
133 706
597 736
845 541
450 376
665 93
809 106
171 898
270 400
83 760
478 719
212 400
448 16
491 750
420 803
349 734
627 784
188 505
866 887
225 541
974 526
702 639
80 531
380 284
344 363
439 428
770 690
655 18
156 273
431 353
97 789
852 581
198 561
437 429
823 862
349 312
207 862
803 422
484 155
609 639
165 589
817 114
112 657
133 46
910 108
193 49
755 25
265 975
372 134
322 866
332 457
581 745
354 347
940 416
281 160
709 935
686 831
988 908
999 985
185 926
820 497
299 418
420 775
211 816
671 286
43 686
115 956
83 502
106 78
318 832
577 527
388 364
391 88
568 735
516 210
325 496
374 815
47 385
33 46
198 9
59 39
998 65
96 378
324 652
922 735
584 756
420 809
221 701
986 101
900 386
66 925
437 346
773 860
16 508
328 568
765 623
863 745
185 905
245 669
181 247
301 874
422 99
730 664
255 864
561 824
910 808
225 483
732 198
390 120
562 419
27 341
798 2
797 655
501 535
988 767
809 686
355 921
982 51
668 620
97 576
385 780
12 765
666 313
432 338
483 202
781 520
447 354
504 870
564 706
892 438
806 550
924 802
768 977
260 63
66 640
107 498
730 647
712 704
59 180
294 729
162 738
776 539
770 76
212 393
153 543
322 218
111 224
388 953
32 76
786 442
116 29
834 931
221 303
949 893
358 591
569 371
938 138
149 906
511 626
609 61
21 279
23 575
564 436
18 443
11 471
213 45
883 716
659 869
178 248
224 703
486 872
887 276
537 269
81 826
502 283
970 355
69 489
924 351
780 636
182 940
398 556
887 147
239 81
39 700
922 120
15 122
344 517
845 893
759 6
336 354
658 62
533 912
325 310
749 636
518 799
592 842
227 919
284 744
162 473
285 475
957 716
248 539
833 728
23 273
771 790
702 541
985 409
747 286
722 179
173 234
448 869
707 356
223 307
994 666
372 202
804 93
8 93
198 799
116 337
502 468
417 468
137 754
333 263
820 594
973 464
268 544
99 809
854 679
255 653
955 901
158 829
210 783
773 491
779 348
485 617
479 835
679 998
235 533
997 460
452 375
102 516
170 783
576 843
979 521
821 554
651 482
76 692
425 609
985 834
409 490
724 425
53 763
1 604
539 383
170 20
810 162
656 46
716 637
992 643
78 521
145 326
896 875
454 743
626 27
344 493
590 263
434 368
459 536
664 922
135 906
198 731
39 689
295 459
634 587
94 390
451 568
611 779
46 979
73 386
652 621
962 748
412 479
177 798
415 823
444 690
279 304
959 942
221 631
296 750
229 346
551 935
631 916
177 489
735 282
182 832
95 945
653 809
763 27
544 762
265 136
850 174
403 550
683 477
893 795
488 593
405 374
266 875
2 606
515 61
793 577
772 178
280 290
529 536
688 443
122 868
539 988
137 121
11 212
319 787
226 444
371 977
563 21
639 17
982 780
575 480
280 631
539 530
916 981
91 826
224 706
238 989
263 80
581 957
242 912
120 779
808 914
935 798
382 676
265 595
884 270
935 224
540 795
160 573
433 779
704 743
924 196
500 334
982 383
736 300
655 373
954 502
175 942
242 176
700 131
985 323
139 451
191 858
566 1
81 202
23 953
642 253
180 305
891 515
880 743
226 892
40 790
42 7
95 914
765 616
145 659
768 155
975 551
509 710
747 117
679 466
689 350
624 119
171 761
780 312
370 763
374 914
614 449
924 325
978 336
987 35
822 139
923 335
477 50
522 932
201 5
457 319
300 932
880 151
207 305
84 598
558 347
480 665
165 188
974 498
281 155
59 192
232 777
895 383
340 606
870 473
227 169
935 412
338 867
101 332
620 575
587 618
746 836
690 587
175 358
755 626
918 26
175 952
752 318
381 590
896 97
448 843
930 436
374 588
700 494
341 283
894 836
614 642
619 811
90 413
289 571
84 131
815 523
503 142
598 642
532 400
442 954
49 290
193 835
390 41
790 793
153 760
529 648
654 312
348 444
526 799
550 95
681 247
940 30
565 729
844 138
330 544
765 476
874 280
650 352
288 167
939 7
592 205
130 434
668 952
524 513
284 503
654 983
356 349
486 466
239 391
235 931
220 723
479 803
486 78
988 56
205 809
464 303
935 898
944 272
442 141
396 981
543 544
748 318
196 103
675 164
862 86
941 920
715 987
863 951
170 102
164 862
407 521
713 293
221 481
93 360
951 911
483 202
149 537
471 295
251 929
310 4
411 949
962 483
633 936
82 67
573 678
874 209
460 935
520 477
675 153
910 286
728 96
881 193
984 905
771 38
568 545
289 524
496 859
99 59
420 95
10 721
66 936
54 520
425 923
824 153
410 781
740 503
744 253
207 791
253 867
379 733
415 494
614 287
411 876
643 382
766 66
129 214
371 67
294 881
845 458
991 187
795 990
218 728
308 907
92 96
859 422
740 1000
4 547
77 727
38 304
427 279
137 743
671 181
624 177
500 916
854 141
823 571
703 180
727 987
449 263
361 299
399 83
838 697
658 177
963 7
842 140
265 16
886 861
538 292
467 592
102 47
178 95
968 846
724 359
957 301
386 684
555 232
338 265
154 980
717 674
908 149
669 151
523 750
43 318
944 305
1 844
779 182
490 397
614 930
809 162
613 78
197 299
598 163
335 789
220 543
322 941
776 255
759 50
430 972
23 287
583 408
390 898
920 971
13 273
388 923
846 467
164 329
490 477
759 957
244 140
581 687
7 883
182 165
494 396
540 372
745 290
551 358
225 479
932 378
245 797
619 328
973 570
186 297
276 169
785 556
388 345
876 262
589 133
245 745
314 724
698 499
635 469
492 333
770 312
13 920
320 147
437 580
867 799
739 216
745 587
77 978
834 937
869 203
811 808
240 752
173 362
713 544
221 620
119 794
729 644
910 818
118 903
552 109
642 257
513 665
302 94
86 807
235 877
953 635
255 599
823 908
805 496
867 767
769 688
731 961
250 966
880 168
710 192
196 206
522 318
32 557
224 675
625 281
796 752
67 390
923 449
395 599
915 350
680 173
401 360
452 176
175 941
309 486
845 960
825 620
692 195
95 583
642 584
619 524
637 923
839 505
957 613
887 774
76 719
311 840
939 798
881 634
54 955
652 286
526 424
264 939
360 747
179 225
80 226
445 357
714 40
938 921
753 826
285 586
955 666
856 272
319 782
412 42
699 277
127 923
266 82
7 346
692 808
934 929
949 442
494 426
387 719
286 906
44 136
890 353
432 768
815 195
235 560
850 102
348 953
595 915
23 431
306 598
943 831
456 140
279 388
655 959
991 981
116 454
172 742
216 683
878 690
215 460
739 695
630 531
393 472
662 208
179 642
66 758
331 785
280 219
599 190
896 428
67 43
908 918
162 801
66 562
526 323
777 195
647 136
807 688
823 37
178 902
511 656
634 268
62 832
287 642
168 458
589 742
760 377
657 364
433 661
223 831
757 709
432 515
453 678
964 576
151 943
356 277
369 13
402 122
376 601
318 352
864 212
35 464
36 915
521 440
369 13
799 318
190 334
7 811
564 22
320 657
739 274
656 185
687 671
447 659
76 136
766 750
814 231
925 138
397 225
536 501
208 21
686 649
213 848
729 553
307 454
30 288
422 519
131 335
123 726
696 444
578 409
447 892
450 604
132 737
491 192
103 561
65 825
966 447
466 830
795 39
83 785
717 348
68 370
186 602
669 272
523 971
395 363
254 9
745 291
377 812
573 64
666 935
990 898
779 319
225 557
689 942
756 617
19 707
316 709
916 782
842 906
487 192
699 261
673 872
513 477
50 986
14 574
333 974
692 885
196 918
602 637
707 23
790 861
397 573
49 833
176 209
82 819
100 117
780 194
145 415
680 721
949 730
248 160
890 774
699 106
11 866
748 573
224 17
96 99
988 53
612 622
431 687
247 442
583 633
507 368
888 996
857 970
12 314
96 200
527 645
690 257
501 546
592 306
654 103
76 463
207 490
372 261
266 836
750 502
772 983
475 988
88 201
606 481
391 631
481 7
1 829
982 517
282 249
780 738
99 582
394 222
315 360
134 711
772 649
32 573
477 288
693 995
51 658
767 67
358 332
755 336
345 159
925 348
590 85
539 530
608 350
334 938
263 385
468 523
465 383
823 126
66 496
41 562
322 213
545 220
466 823
114 462
794 311
307 735
40 720
777 417
436 276
38 256
799 280
868 981
149 567
189 822
613 881
696 724
757 941
499 192
792 638
800 443
114 357
540 737
86 183
832 626
594 530
390 572
605 822
625 504
431 535
31 397
868 270
196 12
228 80
404 443
968 746
100 585
418 731
849 780
335 600
739 390
264 742
813 290
815 900
818 778
513 176
426 507
483 249
513 481
569 887
858 962
731 90
953 199
42 899
452 957
293 5
286 163
669 897
250 225
884 213
180 777
719 34
1 958
20 536
979 149
756 133
687 332
281 30
795 143
424 714
501 475
455 755
268 96
508 838
241 233
34 347
788 784
262 878
849 650
390 65
257 150
226 876
654 557
403 965
793 327
638 296
351 461
818 139
17 407
657 578
279 754
562 549
196 972
257 642
140 818
885 655
778 353
319 72
597 699
41 848
640 968
912 460
831 400
753 658
573 400
425 439
590 312
345 576
82 851
185 460
150 368
556 92
692 898
86 63
916 665
258 640
342 100
524 31
328 542
980 470
490 889
433 1
340 546
757 196
223 960
436 988
655 395
270 390
668 544
792 331
469 780
343 390
990 271
750 424
792 467
813 328
312 960
305 622
281 465
618 262
960 687
956 518
938 108
382 593
506 141
793 559
294 66
748 72
770 125
130 619
567 935
532 409
380 991
469 827
332 108
471 773
361 518
514 623
430 639
228 589
91 102
187 219
256 117
117 322
388 154
782 458
45 670
393 682
259 538
22 410
267 655
712 248
13 50
231 870
280 762
293 559
178 899
175 547
155 323
91 1000
413 637
302 904
465 862
876 464
947 915
313 809
58 533
790 814
690 655
177 243
752 47
815 46
682 984
529 452
500 200
323 422
75 169
368 463
343 241
879 475
838 464
14 234
682 427
317 97
767 791
238 935
144 186
228 72
4 593
647 388
352 787
372 369
472 135
325 569
376 985
780 247
595 45
951 567
641 420
350 389
447 161
17 500
855 580
785 417
376 63
455 731
995 685
712 676
804 394
567 138
26 845
783 588
231 49
374 235
478 634
138 38
525 115
636 514
632 351
662 402
801 108
831 47
496 353
695 753
809 240
663 753
415 724
994 516
305 894
916 643
358 51
392 113
356 709
692 994
793 66
734 529
861 308
688 150
861 159
193 974
389 727
359 148
887 453
377 724
994 396
959 682
721 750
92 116
477 390
484 450
582 205
435 559
245 917
350 67
590 203
660 878
558 793
564 208
916 787
916 597
447 900
79 5
546 714
804 41
352 558
887 796
31 940
866 667
120 149
45 528
808 347
359 138
713 453
731 320
709 419
496 37
623 117
718 943
482 831
862 721
108 289
92 905
349 516
455 758
781 994
472 769
534 597
819 322
15 6
823 47
988 243
552 20
989 802
232 698
539 879
454 588
175 982
949 246
736 480
217 938
328 760
40 319
13 725
251 246
836 324
895 426
416 978
691 692
199 381
8 986
660 334
545 862
677 952
407 861
384 24
566 498
343 943
528 438
783 203
555 979
705 374
320 170
236 187
215 45
157 933
748 235
379 175
93 860
738 972
275 587
106 599
106 63
505 660
259 480
919 169
685 296
852 403
401 296
265 203
264 12
229 117
567 690
345 240
418 188
734 628
747 68
489 646
474 651
972 109
985 217
23 998
333 283
243 299
902 546
894 740
924 875
440 150
370 568
771 1
76 230
503 888
971 984
609 158
978 400
591 988
258 936
981 855
567 488
2 411
905 814
615 583
619 686
74 11
707 710
579 43
463 373
653 807
918 261
451 206
44 233
419 222
314 408
89 480
887 311
577 405
842 494
989 245
105 600
365 926
773 98
341 846
781 842
452 272
53 74
494 483
201 348
417 740
825 151
394 466
853 363
720 349
521 733
264 774
416 523
139 780
191 990
774 871
916 813
658 512
740 205
566 423
460 101
204 318
667 471
339 84
398 429
252 570
743 487
981 333
178 435
778 595
425 213
536 526
527 221
680 477
401 598
993 948
269 366
893 150
953 480
158 858
953 985
499 141
776 634
35 705
229 946
632 625
272 783
251 36
802 774
530 642
575 656
176 228
74 822
203 398
20 389
256 687
215 867
327 606
50 983
406 542
112 315
348 19
677 428
989 238
886 366
389 322
637 200
199 186
684 953
872 769
179 621
122 393
824 153
19 575
168 720
762 675
166 625
284 552
316 757
369 438
70 723
749 413
60 606
535 976
210 550
30 325
513 60
324 612
839 5
888 226
479 824
458 923
425 622
596 563
609 949
791 996
900 568
718 477
202 776
592 680
654 276
337 949
805 435
554 644
955 549
481 172
42 790
525 503
842 182
140 709
199 235
476 558
186 417
43 251
688 438
801 277
180 359
629 591
321 372
655 699
900 291
917 382
711 855
75 229
411 641
248 361
581 339
906 732
575 529
342 458
639 845
845 158
280 353
905 887
212 439
526 823
289 940
953 993
681 58
26 497
595 681
29 386
262 843
911 228
551 209
761 133
23 363
967 103
876 120
437 433
570 963
167 586
854 599
366 441
658 643
450 979
661 70
917 707
887 278
16 746
158 47
326 477
719 336
714 697
814 733
128 184
453 195
424 687
837 736
159 313
235 408
363 538
722 392
18 868
461 420
278 456
216 687
910 735
327 730
367 933
871 951
993 89
586 163
643 156
900 311
821 208
986 631
436 778
375 436
312 920
261 583
790 777
617 594
177 570
274 568
826 937
233 542
651 378
469 409
885 295
282 352
608 389
418 619
519 672
432 112
564 438
820 361
570 967
907 544
299 195
226 705
294 191
750 34
599 624
94 318
930 531
583 213
391 398
551 294
816 185
577 610
725 676
267 97
333 233
562 585
351 932
392 338
736 454
749 275
168 385
919 656
82 727
762 586
752 60
17 916
667 294
935 256
600 447
293 274
855 915
123 838
31 763
89 53
281 224
565 599
340 982
89 754
513 921
592 756
848 538
74 338
274 174
82 934
553 3
187 765
62 167
552 283
784 743
636 50
613 958
867 335
417 334
79 747
446 802
20 785
750 862
22 925
4 593
830 989
92 644
591 961
787 56
456 300
123 403
482 744
502 120
642 671
508 518
101 543
758 930
194 293
973 117
461 326
688 35
978 837
235 294
437 613
198 7
300 877
939 62
641 610
786 97
109 120
613 528
244 248
312 892
562 621
176 972
415 433
858 605
265 505
678 481
841 414
477 474
142 631
682 31
472 958
720 937
742 675
552 863
305 369
170 377
508 740
900 501
512 410
783 797
28 819
40 864
657 104
23 749
931 738
372 16
788 480
198 791
719 723
351 721
995 540
120 971
775 743
991 954
982 328
825 958
941 267
311 711
794 120
792 619
694 873
937 969
116 766
246 630
433 209
269 13
114 812
143 8
41 267
196 494
537 2
918 370
743 351
742 298
990 267
267 314
560 810
3 455
577 370
680 131
872 243
572 654
290 795
748 131
838 11
886 23
83 525
223 59
267 585
950 948
813 766
191 132
747 790
291 367
174 749
862 837
173 116
256 626
546 37
701 804
699 695
304 619
836 696
907 520
855 578
348 815
664 609
461 273
724 94
714 311
98 26
95 77
550 675
213 400
586 543
220 943
532 199
640 457
313 861
918 410
101 280
521 611
168 928
476 275
870 9
468 181
349 483
570 397
155 756
401 396
385 72
587 664
497 684
93 978
973 743
961 238
325 301
343 566
688 970
431 683
431 320
449 108
861 310
892 209
16 928
831 188
838 121
758 824
471 755
211 916
300 202
705 53
806 936
935 30
445 543
102 331
944 332
502 712
731 996
739 729
135 558
733 120
726 645
257 196
525 695
598 404
728 269
963 429
712 202
460 967
224 96
49 922
671 464
479 664
983 883
748 794
457 860
292 786
770 213
505 488
550 435
353 263
796 134
491 415
384 935
952 287
133 981
680 163
392 23
829 920
644 695
109 545
364 772
817 73
132 804
889 761
522 499
277 498
362 26
703 840
990 930
815 421
8 46
397 911
989 811
79 155
507 641
199 320
776 654
248 788
757 184
163 795
916 988
480 673
9 927
483 250
919 517
212 42
955 644
692 567
106 319
554 868
999 580
805 297
125 562
665 45
458 983
54 646
409 241
278 383
103 935
127 682
843 33
217 248
917 42
976 168
361 330
197 801
519 658
324 758
863 269
330 191
710 150
920 664
270 870
276 556
504 448
954 597
123 1000
605 133
302 677
353 234
177 618
275 157
433 991
728 265
496 428
255 286
196 432
187 391
508 161
955 967
116 596
472 145
931 161
66 925
535 238
422 107
264 456
417 827
819 984
936 146
721 657
569 187
677 428
896 140
820 901
422 497
571 88
379 327
144 679
482 315
864 355
107 827
138 747
675 622
367 968
585 900
702 479
919 964
681 587
978 580
547 678
981 854
423 591
912 781
684 859
869 741
753 448
943 795
634 327
607 887
182 783
895 830
762 532
446 955
489 954
872 812
988 983
411 182
499 318
150 448
59 274
184 910
587 530
757 626
120 976
549 146
706 218
694 443
659 546
985 224
13 556
236 497
317 868
416 341
43 361
179 745
903 596
85 470
288 908
940 385
893 402
853 93
139 439
498 236
231 142
103 526
98 696
85 938
567 125
235 250
310 123
56 345
790 721
804 136
663 953
610 163
280 281
217 965
699 522
643 332
692 13
425 771
772 835
342 578
411 814
852 381
193 573
587 303
998 652
102 931
424 226
125 292
316 968
174 958
889 451
88 694
50 516
319 331
25 378
127 300
386 461
669 612
64 840
489 463
622 248
872 7
734 409
743 691
524 26
854 451
988 943
665 99
522 985
975 163
657 298
437 466
347 185
515 872
57 202
694 87
83 850
426 487
172 879
569 239
760 820
40 190
660 418
240 516
747 558
577 818
91 795
980 612
250 906
900 116
587 679
837 845
901 768
464 209
199 516
945 322
746 354
600 669
110 27
425 759
266 66
519 244
550 256
913 103
489 926
938 497
524 945
856 61
11 302
989 102
682 800
403 109
43 444
184 113
631 644
876 905
591 792
32 688
744 642
748 5
706 979
506 932
30 432
746 5
50 435
208 519
271 747
854 136
987 328
654 233
16 553
60 559
23 464
907 614
56 922
259 241
757 547
543 834
226 994
99 563
149 785
211 243
694 963
278 377
281 533
692 14
429 229
404 676
435 543
453 437
661 699
576 266
719 908
557 672
651 254
498 495
731 29
433 500
90 670
935 243
2 389
70 29
288 792
284 404
39 474
355 418
910 77
832 983
999 660
569 325
535 426
7 513
310 760
300 343
827 375
315 861
704 367
169 597
