3000 10000
747 2691
2654 2632
87 212
165 2073
1524 2190
501 488
2234 1758
233 2360
2583 230
468 2656
238 1314
471 2617
972 79
665 450
2182 1342
1476 1068
1376 2483
2035 544
894 2556
1992 1297
2647 1374
1653 503
2372 1858
1557 664
1894 920
2495 1466
1657 2624
1674 1244
734 2240
2389 925
1976 2805
385 1980
1353 1508
2960 1098
2960 1712
1813 2929
481 2924
1618 1538
1970 276
1367 2139
2101 237
893 1991
1467 2511
1617 471
2123 1668
1818 2163
1306 2006
150 1028
896 2645
112 679
1135 606
1675 1816
1892 2958
1370 107
862 1731
2293 396
2924 1669
1361 2699
1404 2345
2707 1771
858 2465
2322 1242
1580 279
1206 25
2881 2966
2733 1054
148 2188
882 2345
458 1056
860 668
2680 2290
1388 2281
854 1211
571 1337
371 2098
2802 2023
895 971
1336 416
2844 2106
1872 34
2570 2738
2209 2850
2445 120
2657 2945
2218 2804
2531 1257
514 1929
1297 2154
570 2283
2688 1809
108 463
1307 2797
1257 2714
738 2374
2176 1549
402 2646
2047 1404
1461 1521
2583 2062
2934 1930
2913 208
700 1112
2396 671
2468 2956
567 631
885 1974
2435 1683
1639 2658
1325 649
1269 1034
1622 2912
205 1060
1922 2305
1857 357
400 824
535 2311
823 1663
1386 2073
871 1334
1167 2561
2536 1066
2189 2917
1767 254
2860 2274
1343 2792
2903 164
2470 2546
370 1010
1160 2567
2783 789
2404 2015
826 975
281 1979
1628 795
2315 933
607 1276
584 457
1412 29
1379 2892
458 1357
2039 468
1698 389
183 1200
365 2480
2703 1131
2247 288
48 2383
2902 1839
1145 2287
869 191
2330 601
2732 136
2067 776
1263 1195
1537 2839
1589 1614
1966 2877
1066 2811
1300 242
2404 1506
2020 1278
1636 2527
115 1540
683 2259
781 2144
536 1893
1106 2692
1391 1903
1919 1168
1069 149
1731 2502
1507 2879
913 736
1010 2427
274 2881
2312 76
195 1308
1074 393
2582 2839
845 1115
2721 309
462 2409
1771 2146
1712 447
2734 2755
508 81
152 2849
1404 2807
136 1507
809 2319
161 335
1146 463
1780 542
2491 2182
91 518
218 239
631 2185
2987 1321
1194 2131
2035 1280
2313 2714
1702 342
486 2346
2004 504
2175 1573
2014 2200
1495 950
2313 225
2489 1202
1759 160
2751 1222
698 2688
1116 2698
2328 1442
596 198
2432 1558
618 2508
2315 2410
1635 1772
1738 1568
2039 1045
837 467
1516 322
1766 1255
2592 2290
1144 402
1871 2725
1499 1505
2276 1713
270 2813
2387 2042
2548 1094
2940 548
1955 410
1812 373
1610 2653
1516 1094
1762 282
1184 28
164 1945
300 2440
2684 2085
848 627
1505 770
583 2533
199 97
1114 236
2848 1956
1605 307
363 1792
1431 2994
807 1390
494 2579
2448 2648
26 2779
1817 2298
773 847
734 1716
188 125
2607 1420
2000 984
2635 195
2516 1705
1288 996
1459 1262
2913 1162
2457 1023
1267 2678
2325 1342
1503 2160
2759 70
2438 2015
2490 1996
2750 2839
1977 2527
2134 1267
2552 435
799 2787
1940 353
2515 2299
117 933
2617 2158
2482 47
2643 1809
680 225
1217 2509
2917 197
1250 1291
2505 1155
448 963
933 42
968 1130
1913 2410
1368 986
1937 677
1682 2570
481 981
2403 2225
1730 597
2677 1022
15 2373
604 2329
2560 2796
783 2212
1812 795
1664 2425
2926 2492
354 1798
34 1784
1623 1542
327 2986
2197 2770
2690 697
2425 707
108 1580
855 2271
2238 2641
1891 682
1167 847
617 95
1572 1464
293 2617
1642 2255
1574 2887
1607 1992
999 2837
1413 2249
291 502
2628 928
588 1731
2477 37
2587 1984
57 937
1316 1623
2215 717
1640 1277
33 2696
2632 2210
2030 547
2977 1151
1837 1148
1527 2546
2745 916
1916 373
892 2183
2540 683
1251 1385
1979 2658
2667 275
2817 1872
2444 1717
1734 183
2221 2847
150 1930
650 150
349 38
2546 1919
563 2821
2537 1562
2169 1333
1773 319
722 1789
2283 1250
436 1195
1449 2733
2344 1526
2701 690
1014 2411
2773 749
506 1467
41 954
2101 2839
2440 326
2369 1493
2861 824
1281 2816
126 143
810 729
2820 1573
2811 2065
2355 249
1163 2834
2815 2996
83 2216
2683 235
2784 534
2006 1824
481 2298
201 152
2094 1072
2886 426
615 2355
1692 2228
2733 878
136 425
2872 2525
850 630
2822 2280
1684 2527
2811 1434
2899 310
2909 1634
2002 1751
1582 885
2694 2799
1337 305
2444 112
1431 1743
1949 2511
683 1394
2383 1796
704 1319
921 2666
2372 63
1755 2589
2149 1709
1376 1080
1327 1201
2228 616
360 868
786 1609
1017 1897
1934 2136
1565 1129
1310 2380
2420 1104
418 2305
2240 2144
2157 617
11 1989
1489 1383
2606 1702
1247 2769
2867 739
1369 2637
2027 2718
1242 858
1846 2028
2234 1944
2307 1112
2764 2564
990 924
1009 1514
2326 2663
255 1184
1108 279
304 1403
1919 1820
240 2596
2115 1335
912 1589
1834 737
1670 1086
2754 2191
1968 1460
530 2918
2408 717
231 1962
788 2076
2747 2529
1723 1370
2604 1026
1718 2991
2931 1690
1126 385
2646 1542
679 2634
2481 1434
582 2472
1931 1808
1703 2904
34 2865
1955 2656
1717 2175
70 1664
1470 575
2506 1509
2657 1350
1960 1017
2586 2205
2226 800
788 224
1871 1479
2692 205
2371 1508
424 2267
1164 1081
2270 164
513 1901
2054 2887
1541 1449
1913 2810
457 358
2255 2186
1762 2871
576 678
2410 2782
2655 2666
1599 645
2264 1620
1935 1433
1841 157
2044 2220
2860 234
1466 1802
1547 2119
338 1394
937 2984
750 1591
7 1632
403 622
1658 351
991 1837
2116 1209
171 2375
2297 214
1714 2131
2470 1156
436 2950
2226 385
2529 1291
1590 642
2753 2333
2722 230
535 1260
98 2193
1521 87
2524 716
17 783
2193 195
950 1487
2075 744
1098 2318
2899 1013
2436 1542
138 249
2269 2091
1708 2469
1369 2691
1481 1118
778 1791
2558 2398
216 2911
129 1786
1997 1000
81 2404
564 1601
2 1861
1186 1681
2248 1289
1133 2571
2607 2159
2185 2483
1095 1795
1061 430
1546 376
2896 1430
1477 2724
2001 1548
2690 1693
1785 2463
2387 1799
2829 395
2906 1206
1882 1508
2429 2173
1836 1848
1262 533
2136 362
1677 227
1925 2812
905 2056
1416 1835
1617 1137
1740 2535
541 1630
2279 2491
896 656
822 2060
1260 345
1691 1743
2745 1664
1998 154
1111 1019
947 2216
1604 2041
1834 2573
1815 2434
2301 1855
2087 2009
326 840
1296 131
1193 991
2072 226
939 2158
2198 2147
779 650
2066 2685
2932 2047
2608 1083
1783 562
410 181
922 2677
102 2879
326 448
2004 2067
2184 2735
777 360
1365 1960
181 2764
180 2569
2353 1914
1241 2637
2625 168
1365 572
200 338
576 1514
2416 2893
588 708
2305 2888
2424 1640
508 1377
298 2957
1510 732
785 1533
2283 1976
2063 1888
2280 174
1182 477
1959 2277
1905 182
2362 2728
2012 1344
2157 2022
1096 1570
2895 2370
2977 2828
884 640
2778 7
999 1646
1195 638
349 1889
1760 349
2247 1248
2372 1601
2274 949
1358 2749
2917 1234
726 240
2478 2032
2219 149
1172 225
706 4
1860 2496
2368 828
1282 385
519 2665
923 232
1274 1317
461 1508
675 1234
996 1826
1527 71
1600 2401
2918 2376
1511 1476
296 2710
2750 1192
2180 881
222 2699
2876 2135
63 2787
1110 1915
2797 2294
2940 2514
2816 101
1434 1618
187 1007
1755 1721
541 1976
1186 2514
991 2494
221 2193
1290 2923
209 227
595 2283
628 493
1618 1498
2117 2325
2238 1778
466 2420
1111 2604
847 1870
1830 958
882 1466
373 2892
2066 1132
816 1357
948 205
2680 1579
2440 2532
2634 1755
402 2223
1797 2296
1344 2878
2359 2076
2330 686
1868 1556
814 18
2517 2984
1762 2904
2551 2082
1943 889
1622 332
696 2168
626 2099
262 2004
1100 1564
807 2020
50 2064
1419 121
882 1938
2253 1521
1522 260
2221 69
2044 2658
1631 1138
2796 1551
830 737
995 526
1840 1285
2257 1181
1849 3000
2700 2543
279 1822
2303 2175
577 2164
2647 487
1539 2394
1117 1575
1560 949
1914 1570
2794 1265
235 1255
1405 2919
1816 2625
435 588
172 221
404 351
1391 2277
986 481
897 945
659 922
1993 1419
2724 16
997 1850
1475 1778
1670 182
132 1249
1206 2294
2887 2223
863 2527
1346 2769
1714 1710
2492 2956
2929 2391
944 1335
1789 312
17 1906
2580 1474
2779 2786
2519 1549
1492 2818
1388 2481
234 809
2232 1783
2785 2741
607 770
969 977
1701 1945
2285 1198
437 1936
1658 1270
2678 1545
2157 2400
2386 1066
1716 205
1264 529
2972 333
374 1055
1460 2441
650 720
1625 837
151 1568
2962 2315
2941 1808
2703 2248
459 2496
78 1561
759 2575
2484 683
2978 1553
2992 2367
666 2551
2463 1743
11 140
2292 604
1739 1813
1998 328
1546 1514
558 476
142 2980
1034 786
694 725
836 2852
745 1692
251 2675
2483 656
2836 591
1606 2997
1198 1734
862 439
2278 2059
1543 2193
267 2943
1635 1791
1418 1750
232 2858
1369 2175
707 499
1773 126
393 1240
226 644
1103 452
126 1441
2356 59
668 1111
801 1534
2868 1909
2919 2332
2579 1329
442 1533
2927 1499
1835 2837
203 415
567 2395
1884 75
1477 2701
2231 2190
285 137
2147 1063
1873 2778
1618 1617
2099 1667
1612 2413
532 1249
2368 657
1844 2379
1344 971
740 759
2146 2250
1935 436
785 2640
2484 1505
2680 1709
1289 805
2293 570
1629 1246
1878 2778
1858 2161
2630 2553
1779 1890
1198 2187
2348 1493
2715 2105
942 1206
1848 1259
2370 267
941 1949
616 1274
1450 857
1968 1159
971 1377
2460 916
2018 2175
2565 570
797 881
1202 539
2516 2650
2730 1233
2057 2587
1600 672
515 2222
1593 965
352 2548
734 204
1234 1555
2175 989
2107 234
1623 1734
1221 2777
1130 1879
2694 445
1495 798
1382 161
1180 382
2390 1945
736 1979
1713 1646
7 37
2643 1950
1490 1601
1853 80
2322 1467
694 2452
289 2694
1160 626
1640 800
950 1586
769 1708
886 148
644 2702
1022 266
351 1239
1374 1607
892 1852
2260 1539
1130 1630
1649 428
124 2318
70 2261
2734 2613
22 139
2707 868
2075 119
264 1972
1718 2628
2743 60
689 2963
1427 642
2650 1714
1823 2086
1984 986
2099 96
2622 2664
1044 610
2797 2856
2132 1464
54 139
1178 1059
1922 2304
1975 838
2240 430
2525 1117
2671 11
2675 712
369 122
1560 1673
2890 1066
697 1347
2986 303
2334 59
1665 1749
626 499
1146 750
810 15
1365 937
2994 85
1068 2713
1246 1961
1403 1324
1423 1371
1660 1025
998 2362
239 2301
2716 1407
2076 1478
2439 393
1708 2756
1814 2577
1626 2435
85 1730
370 539
413 729
141 1419
1387 804
2164 259
2276 1634
2717 2580
2069 1937
2092 713
2225 2243
265 2722
1391 2804
1270 2513
2274 385
1766 595
1204 397
820 2237
1808 2176
553 1723
1527 1334
1235 151
1483 1290
2064 2159
1286 1674
906 352
1295 2977
1371 171
2560 2587
2293 184
740 1986
2188 937
494 1023
1227 1110
1394 1395
2682 300
2964 1690
701 2137
421 1782
1964 2881
2225 598
2894 460
2360 1168
2187 400
2118 2234
1392 1753
2375 1850
2117 1307
2731 1436
998 28
2292 1757
2060 1781
511 1648
2107 2922
473 1218
103 1430
1140 960
1707 526
2920 724
88 1893
2041 930
826 1426
953 1642
2366 1955
197 1240
1986 1182
772 1672
1182 2064
388 2929
1883 211
586 2504
865 859
59 1514
2882 108
2611 2474
1835 1659
213 271
950 219
1873 992
1864 1962
2726 200
2787 1270
1396 1430
970 844
2754 202
907 1473
2469 2093
665 528
11 147
2697 533
38 708
2136 623
2609 2574
796 1048
1042 380
1342 708
2894 589
1304 1338
544 1043
1161 2841
2996 2206
2763 1401
1263 1075
836 904
181 836
1787 445
1580 2998
274 297
45 1593
946 1368
31 615
2010 10
573 1341
1447 1494
1662 112
2861 48
2626 909
1419 496
502 1176
2417 2853
336 861
184 1176
475 1741
450 1947
371 2026
2025 1123
291 1990
2495 2758
1525 2598
2273 1410
988 410
2310 2685
1384 2335
2062 1848
2947 1091
359 1899
955 757
1179 2583
2363 1799
1737 571
2120 2528
2751 435
1072 2896
97 2131
2590 97
1650 659
2073 2208
215 409
269 529
54 1661
2319 1724
2358 217
1355 2366
1104 1055
2745 2091
371 817
2091 1985
1439 1714
2196 1491
989 801
2961 2720
1840 2661
1788 2320
2718 2608
1601 1967
1215 2056
984 1710
155 1131
974 1631
99 2724
704 1730
1209 946
1552 1573
206 156
2563 383
1197 968
50 2261
973 2076
2227 2273
2871 2080
2334 2272
353 313
2901 777
1084 1577
2044 1615
1105 1039
263 149
750 1978
1950 697
1960 1208
670 365
183 1316
2900 2593
2429 123
2488 1414
2504 1564
258 2484
2106 1214
1482 2016
755 1125
2838 1681
2787 1017
89 2520
2103 2223
1027 1154
1766 2105
1586 1119
287 1274
493 193
2876 947
2858 922
2854 2614
1889 1088
2435 396
674 1051
98 714
2833 186
28 2905
169 838
1798 2172
1991 1171
1 2974
1403 1147
2512 2331
1645 1579
1821 2206
451 1611
2173 1572
1618 691
2147 819
1226 2130
2981 2666
2572 2276
2235 261
1192 2240
429 1361
906 249
275 1537
2746 40
656 2938
221 1551
1161 2701
142 1825
1613 2416
1739 2090
543 935
2978 2521
2083 704
2648 1215
1155 1936
1684 2602
808 545
2159 1246
1393 1230
1114 1775
178 2576
2534 2277
1340 1516
1855 2192
135 2875
2950 121
1329 2597
1360 2169
717 2138
1511 569
672 556
223 2886
510 2667
621 1779
1375 2120
2641 1432
701 2129
2714 1498
2623 1868
1556 610
2094 1131
935 470
2452 973
169 1844
2744 2020
989 2951
1018 2493
2224 91
2434 2817
148 1211
2065 2388
662 149
2735 1004
892 1795
975 78
767 2627
1163 2872
1682 2817
2837 2936
1656 768
2738 2837
1163 2460
1952 170
2543 244
889 2927
548 10
2718 2796
2313 1033
1076 1072
1566 1466
2723 776
2464 1449
1734 994
1636 2681
586 2835
2364 350
489 1723
544 1659
645 1478
827 2143
2235 2991
2033 2678
2321 867
1781 298
2566 1822
1432 1644
296 2693
895 1135
1692 38
416 1010
1164 2651
1034 658
1434 430
1730 217
612 423
1243 2091
457 2636
2657 2932
455 756
1844 2094
382 1606
805 2020
874 1811
855 2305
1294 1649
336 739
585 2479
915 1366
2630 2592
658 258
113 879
2048 549
1294 2869
2192 1789
2199 1776
2108 1146
1699 571
204 1060
2872 2507
1208 1533
408 2365
1371 299
766 857
2709 1039
2898 2650
787 2197
581 328
2632 1619
650 2793
1874 1737
2731 520
2801 1425
459 557
1290 102
2940 1518
91 780
1768 1526
323 2448
2235 952
1761 1120
1446 515
1295 2691
2499 1045
2081 617
173 1839
746 1907
2264 798
2278 141
1135 166
2418 1745
483 2754
2935 746
2398 768
839 2024
1366 173
282 2147
2460 69
2242 574
1991 1784
2228 2252
1938 2457
1024 2501
33 1824
2005 2416
559 1088
860 832
313 628
2613 1802
1311 1581
1830 1340
2680 1227
1777 1550
2 1879
1945 2671
1658 2649
2057 890
1899 2431
2687 1491
2931 1225
2059 470
1119 1028
1947 2411
1317 2244
1795 1600
1087 588
2883 1169
2094 1148
1614 1597
2321 1478
2515 2199
2080 2874
2189 33
966 2319
2503 374
2629 19
578 2596
437 1851
2270 681
2643 2996
1812 1168
2439 442
1863 621
577 2954
2373 697
357 864
273 1054
1286 1587
2004 2104
1214 1649
226 2037
489 1981
1254 1349
1642 1896
321 1611
380 2808
430 1854
2035 318
2622 1752
1079 2839
619 1446
1343 2227
2896 2274
2372 30
469 2482
796 1129
1854 114
597 2485
21 134
56 463
24 64
1486 1296
2928 2895
2324 1970
1506 113
638 911
75 1452
963 2372
2718 454
354 671
2802 2440
2115 2045
2934 1204
170 2630
2950 311
400 1452
1579 1818
2585 2220
1096 2542
192 2122
1418 2275
1761 2024
1557 1143
483 999
1066 1870
2150 1587
1116 2760
2297 1094
244 560
450 1136
1833 1666
1770 2260
2927 2162
1999 1044
2876 2989
2608 2110
1524 314
1210 1736
1613 2645
1087 1475
1072 1049
2426 1250
1800 2706
2042 2861
675 458
2403 2419
2588 199
303 1977
2473 714
2871 756
2658 2273
1765 1907
2788 2278
1159 1717
2878 1022
2266 2578
2566 1712
1791 2458
2221 2756
2683 1123
1422 330
1628 1544
317 1477
1180 1911
1976 173
27 1846
391 716
419 1908
2304 1566
396 952
1210 1790
1198 1459
777 1519
1581 734
2653 257
491 2499
1968 1712
2668 1699
308 1124
689 1742
1761 2956
2986 1556
1747 1153
2683 1610
2463 2264
2613 57
2798 1800
1181 898
1346 2971
1807 2413
1224 2561
640 2731
928 326
1621 2436
1993 157
927 1810
289 957
1180 2926
311 641
2348 1099
1785 2023
1771 1973
2296 2235
1845 30
2955 823
1301 1751
2342 2410
503 2692
1532 736
2059 1042
545 1187
1424 712
700 1122
138 433
2331 312
2837 2410
1616 371
2062 2101
2335 1644
704 1224
2305 1633
2449 663
2598 1654
1656 1380
782 818
1188 473
2955 556
1671 2482
2464 2236
166 1211
1325 233
9 137
586 1790
1148 1930
220 370
2514 219
2585 2057
431 140
1058 2239
1251 2106
2361 1087
246 1589
2232 1197
345 164
1692 2686
408 1010
2176 2396
1148 83
2015 2068
2396 1335
2470 823
2511 1490
1241 992
861 345
1078 2207
1684 2275
1179 1958
2176 2861
2356 997
2522 1642
2462 442
150 2581
1001 2920
1382 395
1512 941
2924 1305
2083 597
2627 2765
1804 1546
720 1762
2686 165
2978 2999
2865 426
1983 2027
1094 1582
2510 44
1885 358
1058 2907
746 2183
2182 2622
394 142
1191 663
938 1383
2866 2245
1313 2400
2735 2669
2808 330
398 1428
1703 1347
2666 546
200 299
443 1413
661 1320
1925 2783
2366 1078
1914 2357
2541 1269
1238 899
2571 145
2001 2179
1275 2986
899 2069
1930 823
644 2915
926 1161
49 2741
2733 2224
918 1381
1776 1185
2328 192
2772 244
1360 1251
1237 2688
44 2865
2208 2854
1460 330
2892 2595
2529 2634
2584 1466
218 1073
1682 1037
354 1848
2760 337
1153 2834
2209 1666
1454 2234
188 936
547 443
1647 2257
186 2548
2962 1486
1802 2395
2282 1981
303 450
1809 1346
887 2647
1325 2130
1161 736
128 1011
1582 2094
2460 2922
889 2329
2829 165
1070 783
669 1093
247 2174
1714 2688
657 2708
923 404
2522 404
1491 1246
996 966
2002 987
464 234
57 498
1722 1748
2153 1524
1876 1458
2818 241
2168 87
598 1779
1325 2785
2536 618
2559 1975
492 1187
2835 2055
1098 1313
1615 2414
151 369
278 959
2394 1356
418 791
1371 2894
2733 876
735 682
2918 2954
2421 1846
2522 2324
1252 522
2875 1346
1422 2613
2224 1947
2238 2690
656 218
2321 2949
404 1864
27 780
2060 1823
2217 227
1417 1937
2323 1770
1440 1027
244 42
2274 411
2869 2549
2205 258
2296 610
223 1704
2365 611
1976 1387
2449 2322
2656 222
1959 2
2879 2262
623 1925
1652 131
756 1131
583 790
870 276
2452 2728
2749 2759
2952 2939
834 635
2768 157
284 1484
2615 2841
992 2686
1773 967
1658 470
740 1372
1067 541
53 2209
1401 1300
2856 1610
978 439
482 2714
653 1693
484 1352
1980 963
2097 2062
2283 565
279 2429
1135 2155
2340 302
513 2696
230 1524
1152 997
411 2964
2940 1025
2131 2397
2967 2064
1326 1968
573 1990
2491 858
1377 1691
1355 2113
2693 994
768 2748
648 810
905 2458
591 1173
1361 1880
2162 1353
641 1949
1526 1141
1487 1469
2589 848
309 2470
2734 2223
2240 573
2352 354
1820 1185
857 590
2341 1600
2921 2393
1313 2228
1986 1421
2690 243
1090 376
288 179
2677 970
38 2505
2792 890
2315 2120
758 2907
1062 1187
259 2204
948 2019
2254 175
2513 834
949 581
1629 1308
771 948
2490 1425
1434 1135
1583 1119
904 2850
209 578
1889 2842
2078 2665
2552 478
2403 1812
1734 2792
2900 132
1783 2540
279 1078
2545 994
2336 1569
804 1969
578 644
1599 1550
577 261
810 2780
158 2335
1814 1941
1075 756
1313 2553
225 645
1307 2184
2696 166
656 2899
332 569
1541 2813
1712 672
1248 2903
2609 606
2641 1859
333 2491
2024 2643
1639 129
1889 89
529 1580
1197 2878
162 2750
2332 2822
1733 2089
1937 564
906 1216
404 581
2885 749
2105 2103
1518 1976
951 554
1801 2868
1344 1770
394 408
2937 774
9 2228
970 92
1621 39
1247 1954
1882 1608
2110 1810
797 1882
2540 2198
1277 2488
1172 1112
2590 1921
727 929
1086 1625
1453 223
2711 884
2649 1172
2789 1944
2947 1832
1935 1162
328 2013
2888 1518
147 2946
2688 1153
512 2207
945 307
1131 2635
245 62
2397 2373
1253 2306
2055 511
2665 2791
2192 2041
2694 2593
1736 213
2888 2534
1533 2554
2757 1804
2372 1594
651 740
737 1198
1761 230
2657 1391
1161 489
1789 1286
1446 1411
9 1600
2075 2019
2359 2506
517 260
1597 872
1556 918
2932 2549
1361 256
642 2563
1849 251
727 129
2073 2638
154 2313
1992 292
732 740
580 2550
852 2385
380 1723
620 2583
2996 1616
2734 2027
1076 242
724 2652
1277 562
2183 2546
1998 659
1177 1884
1674 1282
567 1946
2739 2399
1916 1865
1791 2065
188 2887
2574 1179
2122 1548
2488 2986
1580 633
43 1344
223 2879
1371 2918
1096 516
1079 1957
1612 2915
258 899
2258 1107
1501 1562
2560 2347
25 2826
2239 2972
434 1894
917 1305
2653 459
1650 562
2863 1494
2495 25
1650 2033
421 1075
2873 2073
2995 2545
2248 670
414 2594
2661 2000
2678 391
550 1213
612 740
458 26
1950 2038
1250 2956
1507 1591
1308 312
1991 443
1944 1767
242 910
2605 2847
1758 983
1698 92
2854 1730
374 1772
2564 1345
1958 1278
1722 26
998 2723
1368 1715
402 1864
58 52
2035 2583
2595 395
482 2709
2049 163
397 2802
1385 2400
2629 245
1163 872
1127 2011
357 1855
551 37
1298 216
937 2129
9 1562
287 961
1967 172
2861 887
260 2985
583 1212
1226 2876
1874 2211
1816 788
769 1785
1237 2161
725 2651
2624 1924
332 1061
234 1664
2799 903
2388 2139
667 1255
2029 2351
1712 2945
415 849
390 2943
198 1801
2839 2089
512 802
520 2108
160 1271
2038 1256
1632 558
1629 47
2938 617
35 830
2381 51
1466 1422
970 54
2538 1372
1702 810
1451 1239
2887 676
1179 377
736 943
2776 221
1653 342
20 1760
2240 2021
2176 1681
842 953
1475 1926
1927 2438
2664 1080
2677 2156
1913 1921
2848 2130
2998 1661
2434 1425
1444 1611
2876 152
387 2347
649 2748
2241 3
331 1646
1328 1213
1916 2517
181 891
16 972
221 2204
2586 1276
738 2565
2806 1763
254 605
1787 1444
1397 2649
2171 2621
2721 2047
2983 1491
857 419
964 500
2024 1914
307 1822
1733 374
1533 2695
2487 1205
2698 31
2552 53
1341 885
1009 938
2556 930
296 1027
2376 509
2311 740
839 1465
2350 2485
2963 980
1295 1546
20 703
2547 904
1855 22
2566 110
2198 926
1003 1638
2219 925
468 777
1555 1410
2990 702
1012 390
1147 89
1204 1486
1604 2560
1237 947
767 247
1199 385
1655 100
1783 54
2958 895
762 2872
2463 2224
1345 985
1217 1216
305 404
1650 2419
2699 942
1995 2500
1545 202
1864 2750
945 1444
1912 49
1381 2891
1059 184
1846 1159
2707 1614
2522 678
1689 2347
688 290
1487 2017
471 2277
2628 355
427 2477
2247 2351
734 667
115 300
1315 1733
898 2028
2074 1230
474 538
1914 1844
45 2735
1914 601
2610 480
513 1631
924 2718
1692 1714
2497 1079
752 1869
2133 1001
1012 1082
692 119
1449 2413
607 1370
1481 1133
1846 1050
2416 2582
2769 2182
2228 2007
1194 272
1337 1261
2251 854
1566 1656
350 99
2599 2047
696 509
577 937
517 121
429 1233
1630 2548
1694 1323
1187 291
177 150
1315 1110
599 301
1394 592
2242 2379
923 2801
2181 151
2652 2938
476 1443
1669 257
927 2809
1766 319
96 1973
706 2652
313 624
2909 2651
1262 1086
2568 1057
91 1116
703 2402
1899 2271
1658 2516
1608 659
2482 2021
2608 2942
2883 1889
220 2566
356 2110
2287 1389
1908 2100
980 976
2498 2460
2184 533
2345 2473
2903 129
2737 107
1513 1941
109 349
2539 1071
2960 2999
1242 2576
326 2320
2835 1499
2533 514
2111 493
1394 2019
2779 1204
345 494
2046 824
2649 2819
2421 460
2719 2727
1952 1433
2797 576
2349 708
2956 2002
2830 1307
368 1590
805 202
2844 1067
2311 2507
2084 744
922 2929
2703 2272
2516 183
306 1009
1312 1746
756 828
1882 2286
2817 932
2119 1248
556 2334
513 1582
1485 2051
462 1674
782 337
2523 1375
2093 2486
2498 1034
463 536
2227 1026
151 804
2480 1157
462 2540
732 2258
1514 1821
2474 2036
1903 1762
2893 2029
884 2590
955 386
2322 2247
977 2192
1424 2159
442 1469
2162 2165
1382 2449
192 1462
436 2868
2739 1764
98 1809
420 58
2007 792
1966 2903
1996 1392
2829 1855
2736 664
2085 24
158 1331
1367 2233
2605 1235
1571 191
1667 754
2099 626
952 1174
1424 1384
1822 657
1241 2690
918 2402
2883 2988
257 1851
247 2266
1794 268
2333 2713
155 2813
1875 2346
1187 1357
1587 2313
1514 2942
234 2118
1563 2226
1659 1294
2701 1110
1729 2329
980 1875
1826 207
59 731
259 1810
1685 35
2934 2591
2453 438
626 868
1391 1264
2477 997
1380 201
1194 100
434 2836
2312 940
695 2589
698 2
951 2265
1367 2711
536 2627
2226 1227
513 1634
747 1017
1456 2359
2674 57
2889 187
1912 491
2780 156
343 1634
2793 965
1508 1106
1256 1453
2680 2317
1225 2097
1658 361
2254 1961
1378 124
988 2299
967 2934
1382 2012
2514 471
2013 2386
1050 2969
2900 2959
2936 886
53 399
2962 837
2000 199
642 2625
2090 574
608 147
946 160
11 2071
1480 1366
1732 2136
2659 874
1870 1274
486 2747
1417 328
333 1701
561 1742
2152 930
2522 2688
1016 2898
1732 2056
2822 1047
787 1817
2144 500
470 31
2433 1375
1706 2057
2687 2420
286 1726
99 941
686 582
2423 1185
1936 2407
2090 2391
774 827
689 758
1067 2046
80 2621
1223 2677
938 691
2934 1668
2263 1748
2413 2781
2377 346
2316 670
88 1956
2564 1892
832 1756
2820 2899
2105 1338
1194 630
2407 2887
840 70
2881 2310
2017 1569
158 2601
1982 1680
1152 2274
998 1386
2364 2294
29 1441
93 2126
1945 150
2952 2076
2683 1223
2844 2004
2774 2448
1981 2828
515 2074
2754 991
1930 2633
2837 203
2037 2001
173 465
300 311
2249 1133
2705 1796
1843 1380
1059 645
2002 2560
2137 825
106 2418
1745 1730
2790 1512
1157 29
1127 1889
2413 1668
2006 2257
639 2090
2382 2415
1413 101
1898 129
290 2340
2314 682
100 2463
1600 674
2786 1756
257 1536
2439 510
995 2276
855 199
1093 2091
2570 1164
2093 2258
1140 1969
964 336
2054 1990
2667 323
1228 2457
1337 2790
1106 2861
2564 956
1091 666
1212 271
2293 746
2574 2092
164 2592
1006 686
2377 233
1276 549
842 1512
12 1295
597 428
2363 425
691 2583
2027 756
1449 1329
2523 508
1748 1258
2944 2258
2571 1466
713 629
1070 166
232 185
1629 1699
772 305
1114 404
2620 753
2104 2929
2196 1878
2078 2555
2900 1478
416 2255
1569 227
2647 1325
2227 1042
1769 64
1077 2854
890 2540
494 376
2614 1756
1468 2025
329 2052
339 2824
1833 2608
842 1016
2000 1130
667 363
1197 1604
2571 1416
381 2061
1512 2015
648 1635
2176 1873
1251 769
793 2450
132 255
771 1993
971 2596
251 102
1969 2562
2675 1802
2799 510
211 2747
2036 1718
1010 2606
2116 2206
2429 1163
83 2365
1124 1823
312 1443
845 2499
1643 1081
134 2032
993 943
189 574
1147 1019
844 2051
41 2978
1805 746
1661 828
1042 106
1137 1646
838 977
2036 1565
2314 19
362 2385
1479 2577
2195 2537
2257 2456
84 1044
1123 48
625 271
351 2578
879 472
1764 265
1500 1760
2419 2273
2469 95
2276 2936
690 2259
1398 106
1926 702
1976 2649
722 1101
1555 386
348 2450
2508 2737
319 2547
2384 1620
1475 1079
728 143
1680 2412
1852 1998
2815 142
2004 2952
2699 1904
579 2567
2962 2415
2619 724
2078 2515
1653 2469
312 2848
2409 2845
1559 977
402 924
2264 2881
1234 1657
1054 1890
2254 2260
913 2452
1694 2073
1855 16
1543 231
2650 541
423 2189
415 171
2976 1926
1319 19
1677 734
1814 2313
2706 1850
1224 2033
1856 1265
822 1977
432 2366
613 311
2873 2516
65 1511
1008 403
1150 1603
1721 1105
2527 2737
1102 2903
2314 2006
891 1399
2937 1987
1004 2448
645 1502
1803 1326
622 340
1596 519
2705 2722
1418 2951
929 287
2402 881
2783 1692
809 2311
2056 2102
1676 917
1812 587
2552 2389
459 1918
856 1546
1093 2015
709 274
2531 1966
1479 1195
2374 586
1904 213
2145 1021
1766 428
2667 1589
1562 2670
2279 677
2422 303
2564 335
1562 2494
2177 2016
1039 2666
2519 2258
38 673
2379 1043
1202 1523
2335 686
640 2548
51 1597
2156 662
1890 2980
1634 1047
2875 2999
452 1267
194 2864
2529 2122
1569 1468
2181 2924
1508 1607
2915 1901
1825 440
473 755
1330 1823
2094 410
2635 2783
2565 2686
2698 2808
912 1558
2888 544
2362 1728
1866 1850
1021 100
2473 1595
1369 2022
2047 2289
2766 2026
1229 1281
1240 1165
2384 1816
324 2138
1396 2338
340 2297
1399 2574
298 65
2112 2596
2728 1518
2252 731
1000 1834
1189 1183
2950 256
2643 1367
73 348
678 2682
434 1011
2985 694
1128 2807
1517 2473
2994 2920
623 1991
1995 844
2920 2074
1069 2554
1473 796
928 2097
2679 129
170 2203
1017 2818
2139 2906
854 1536
1374 771
2382 2021
2477 1123
2979 2448
1868 1581
419 36
578 2956
879 1198
1289 1506
2749 2652
685 772
1101 156
2588 1773
2459 761
2642 492
1028 1590
2325 1462
2118 316
2611 908
1994 2303
66 1093
1574 1022
2512 2157
1597 1901
1403 645
1937 2513
1787 777
1138 2201
1862 627
1157 526
5 325
1758 2187
48 1673
241 1801
1162 214
1231 875
1302 1790
2347 1132
2129 2154
2960 696
2765 2398
2894 921
2709 644
1084 54
2030 1996
1804 1851
2394 2880
950 1169
2369 680
2805 1668
219 1220
2895 1537
267 1581
1100 1712
2906 876
1820 1396
573 1540
2020 736
2449 1334
2544 299
804 2840
2828 1561
1713 2543
2937 353
1728 2581
2656 2534
2168 2276
1943 182
1632 1786
8 1819
1577 1497
1361 2309
1688 1592
773 871
420 1977
1772 808
437 1041
1301 2137
235 1060
1312 1260
2501 2197
432 1166
2050 1006
2707 608
1792 2928
2258 2515
1921 1038
1196 2625
931 1258
2942 566
2550 282
640 1321
143 2955
1479 1564
507 2889
2349 1848
1480 889
1240 549
1743 778
2717 584
428 1960
793 2692
2374 1687
2900 2572
888 1590
338 1766
530 2483
638 563
637 2349
178 640
803 1803
1500 1099
2217 345
1403 2397
1748 1904
1251 2947
444 779
2054 60
2829 477
2741 2202
1667 1576
394 1910
2003 815
2131 965
2138 1565
1750 631
1640 1258
21 2467
317 2575
2913 2996
1918 2272
889 2537
68 963
248 2115
2176 2851
1314 2236
190 1470
1572 944
911 2895
1732 2325
2412 1666
1694 1198
1027 1019
2579 2137
129 1757
245 642
291 1810
2150 1203
2514 1002
1690 1321
1698 962
715 187
119 2912
753 936
2377 669
2873 1940
2002 2916
1567 1824
2058 2082
2302 66
392 2539
1653 2246
1931 779
524 2518
1833 784
2256 1469
1113 1268
1235 238
694 2348
36 2561
1090 673
1765 763
1029 31
802 1157
658 1956
1397 1809
2090 870
1388 2573
366 2725
2802 41
2297 2427
992 2786
427 1051
2594 643
2608 505
526 1798
1164 403
2166 2026
2047 553
1017 886
561 261
38 2617
2090 1933
2326 1757
1945 2493
487 1623
655 2359
2080 39
1051 2902
1285 2328
697 2885
1399 1664
2313 2741
1633 1070
2992 1258
2438 773
2273 247
1912 1257
1748 2976
2918 2533
2983 2106
486 1776
2484 2078
2141 1539
2512 475
803 668
1498 2649
137 1771
441 1293
2237 2183
218 2812
266 640
596 2811
2665 2106
527 2596
1989 1796
1149 2946
2313 2081
2260 377
343 730
257 2171
554 691
1118 353
744 1037
660 739
1204 2103
1711 1927
296 1316
560 235
391 1858
2945 2259
2161 2829
2537 984
2153 1697
1404 903
939 2252
2968 376
242 1508
608 1611
1511 349
682 2334
658 1018
2018 137
2499 326
2670 1946
1087 1769
120 1123
2700 2578
1881 254
2331 2382
1256 674
2011 1545
147 614
1776 1225
1729 2435
2919 827
1125 751
1681 2390
1778 655
742 414
2426 2403
429 111
2713 2981
1492 169
1830 2930
496 1213
1102 2887
962 2717
2352 339
164 2815
1485 213
2688 2670
2335 428
1106 804
2865 1564
777 658
2215 2017
2278 1967
1454 243
2962 550
1963 2260
2188 2046
1234 2161
2066 676
1843 225
1875 2662
1511 2476
1781 1144
2534 1601
1243 790
2077 2198
2043 1186
2616 1584
1545 2970
2039 535
1237 649
1078 441
2563 2855
735 2496
2957 1841
1974 889
470 827
1519 2283
1687 764
797 1014
1793 2786
2420 404
769 1156
1113 1772
2203 325
56 714
1490 2341
170 1222
2799 2262
378 2172
1602 1670
2653 2868
2827 2356
989 1147
2394 681
569 2623
2015 2368
1439 2236
450 2533
1475 408
1392 2350
1577 181
1446 2137
1747 1055
1634 2915
443 1766
2011 2848
737 958
1139 664
329 2059
681 1426
513 2875
1826 726
2236 1476
295 242
2370 743
1496 2928
1219 2427
1816 1566
2051 1398
726 482
1487 702
883 2463
392 83
2149 1702
2514 2219
358 2694
471 450
2194 1082
1959 16
303 195
133 626
545 1416
2834 1607
598 2235
2867 2431
2727 2356
47 725
986 893
1541 294
385 465
2874 275
1039 1166
981 1807
461 2876
1766 2070
2014 1610
783 2817
2738 2794
2845 163
2643 891
889 1935
2641 289
2674 2149
1737 1405
1768 211
2389 2693
1786 2330
2004 322
910 36
2290 2218
377 1464
882 2172
2700 216
2253 153
1341 1070
1943 925
566 1826
2233 1750
2360 1262
1455 886
206 1081
237 326
218 657
2595 976
1635 1881
1061 1072
568 1261
2490 303
2402 528
1093 669
1550 2632
267 2182
2837 1590
285 1667
2801 1104
375 1489
1042 482
632 1170
2692 590
2470 2337
2550 22
1765 813
1378 2750
174 2052
677 2065
2008 1907
2190 2654
1286 26
493 1982
689 1267
1034 578
742 333
186 1489
2334 1281
119 1139
365 1721
621 2731
1441 1744
2974 1728
595 2236
2094 937
2612 2012
69 958
2140 787
2059 544
1514 2846
1073 1965
2451 2941
2296 2318
69 2081
1768 1140
1217 1960
1527 2836
1750 1437
1750 2661
1605 147
1402 2301
1468 1100
2925 1439
1721 2
1376 2002
2964 758
552 1518
658 2845
2764 2703
2631 2304
191 481
606 1512
1154 2211
843 1503
792 1830
125 2191
2318 188
1612 1579
1854 2070
1070 83
1114 1980
1193 994
2574 2489
2739 2158
2263 1949
2156 955
2394 2679
2341 141
226 1094
2097 2987
2504 2226
785 2430
119 2068
1957 2249
2967 2275
1361 59
375 2154
1249 11
1752 1218
1729 336
1681 1206
1458 1051
1623 1710
2906 9
179 2805
1486 1344
1764 2171
2378 2529
105 972
1053 1374
2316 2196
1588 423
232 374
780 552
2300 2444
1026 812
2134 950
1993 1018
2922 2145
5 2482
238 2275
1671 1181
2061 1947
2122 1528
576 245
1649 1613
739 1933
2836 878
579 1128
1205 2933
2222 1043
691 1859
1347 548
2678 910
502 2347
2696 1807
444 1283
2281 1235
315 1917
508 1126
2212 2096
2545 2317
2354 1302
2331 471
453 2784
359 862
2301 1501
1752 2352
114 828
756 1779
2798 2703
921 2054
1839 1996
2509 1370
1099 1562
261 1272
2657 1513
2095 2709
2009 1089
992 2081
297 2631
1462 1519
954 392
1149 485
431 1449
1737 1140
1522 2832
1093 2636
2708 305
2761 548
792 1380
393 1170
1929 507
1252 1267
1933 256
2589 491
703 2590
2456 475
2308 2969
176 588
2356 236
1900 217
343 1040
955 1669
441 2462
1112 2128
883 2811
216 1592
1182 51
2623 2970
2542 646
113 138
2855 1650
599 2495
2232 1092
2722 2120
1807 2028
1177 756
1468 2204
2502 328
1757 1715
2551 1135
743 2277
430 1092
1747 2490
2106 2399
144 2548
586 1161
1344 79
2256 88
2089 1501
1344 2765
1175 44
1264 1087
2826 146
984 2893
2138 216
1371 1818
1462 2331
2178 1084
2476 1408
1614 2477
2576 856
1672 2054
2974 2739
2635 1014
2601 2598
2905 2465
1105 349
664 2805
2270 2101
46 513
146 1408
2809 1506
2565 1784
1044 1787
545 396
937 678
314 1143
1542 2076
1657 1923
1129 2269
28 2554
1969 25
1953 1078
2846 2151
431 2991
753 2219
1843 1076
403 657
1195 2861
1893 512
1557 2403
1563 672
985 2951
2711 352
173 1244
2269 323
298 397
983 149
1344 1978
1542 2465
2525 2736
2549 2529
573 1214
2638 2238
1160 773
2302 356
381 2472
2856 1539
1711 1196
688 1888
927 2361
525 1884
2972 354
766 450
924 2524
953 2140
2945 1149
581 1549
155 2735
2670 1768
2074 135
2036 1913
1971 1185
342 1080
323 1021
2403 2920
809 831
2140 1816
550 2695
2461 2576
1540 1689
2822 2779
1384 2574
998 517
619 2551
553 2961
181 994
1490 473
2515 2376
2654 903
1938 749
743 1888
2362 1690
1383 860
292 1570
2953 2841
1919 1305
2686 532
61 540
2372 1065
514 496
993 136
652 804
1375 1067
1865 1301
1580 2572
1518 2670
100 2264
939 1698
452 827
2049 2967
649 2360
840 2451
2385 500
2674 1718
2064 1885
462 326
2917 2865
100 447
2552 66
163 1905
1312 1209
2442 2971
2529 655
2734 1767
2503 2592
1416 2326
282 2154
2962 1042
1148 335
1193 1864
2905 1980
2402 72
2740 1890
2160 1547
311 1976
1701 2082
1380 542
1391 1202
201 2591
380 1010
714 4
929 1454
322 2017
107 2195
2529 1686
1514 692
2206 242
2906 1723
1932 1774
951 1547
654 1537
172 34
613 667
273 1312
500 2427
2517 2932
1775 541
222 2229
1187 2310
2254 2486
972 301
440 237
649 170
2591 2707
807 458
1084 683
1930 942
2566 2234
1259 2063
2588 1531
2086 679
2366 2391
1455 141
917 1845
2665 2473
1860 2617
434 1458
2 1819
1117 421
66 2142
1520 1143
125 1946
2401 1894
1905 2712
1926 883
863 2050
751 774
569 1849
2467 1222
2069 315
2315 396
651 144
1064 1923
1493 2755
981 1504
1299 2766
1471 1005
2214 2696
256 2343
722 2253
2745 210
2822 2180
816 2538
1267 1603
2780 1777
1110 134
1923 2911
760 772
2660 1708
2402 2344
145 1739
622 1029
1568 1993
1649 532
1796 863
2228 1178
1481 739
2161 2913
1586 1055
2994 2458
1909 1586
1922 786
1251 128
905 1279
1525 93
1643 2060
1660 2628
2942 586
1241 2034
1692 203
690 717
1827 2333
1155 2638
2974 882
2267 2002
553 2286
1852 1548
653 2898
1112 124
1750 795
475 416
1676 2466
2021 668
394 672
2178 1914
418 1549
2940 2941
600 2226
1057 2024
748 2785
2166 2316
271 2029
1873 1253
2834 232
941 519
1397 2358
1726 1678
747 537
453 2201
2932 712
255 17
1695 399
1036 2594
2132 991
455 1627
1247 623
1289 1048
2534 1182
713 2422
787 478
1621 1000
477 466
298 1039
602 2551
91 1899
2593 803
270 2884
1717 1054
541 2404
1656 1627
84 1491
2531 1290
2624 569
1984 383
437 941
1130 1047
864 658
2093 2830
2066 372
1885 676
921 1472
856 2628
38 2688
1370 1429
2638 2511
1945 1512
29 2734
2449 1903
532 1817
1430 1280
1516 175
144 2442
2015 1113
1819 1391
2246 1452
2707 230
2761 1174
535 1300
443 1482
1878 209
264 2363
434 257
1634 2023
172 1132
44 2171
2795 2164
795 1724
2984 934
2111 1589
1125 823
2521 2833
912 130
1492 553
2990 1391
1109 2122
758 392
2670 13
1580 2524
1466 608
2320 433
2657 188
1874 253
2675 2731
2719 1603
1821 996
453 2850
2202 2450
1397 2336
616 94
2221 556
287 2791
2206 1274
2193 2045
2673 2191
1209 1994
2258 1458
1081 1808
2797 1095
2812 297
2794 2293
175 739
1101 1131
1733 400
2547 36
621 172
1475 1222
1194 2388
2873 951
2323 2262
1205 946
910 2652
2919 367
2038 1473
477 2771
2683 448
2712 1826
2881 2604
988 622
2792 2419
213 2450
2534 1349
1588 261
481 812
825 1605
1260 1152
942 906
67 251
1914 935
968 918
336 2213
2488 1155
236 2709
1049 1938
663 2179
2391 76
1347 1461
18 1261
1760 2859
688 623
1903 2780
1873 883
114 432
617 2580
598 1828
595 107
2412 655
2612 2294
1119 506
1775 2776
1844 2882
547 2147
1792 2156
1439 328
1065 1171
1853 2554
2218 1782
2454 1677
1855 484
419 2210
2740 1948
864 562
2036 1768
69 1580
1705 749
1789 1396
1316 1840
39 151
589 1932
2774 393
1210 1603
1324 2964
1498 626
2185 2394
920 2582
1936 1430
823 1576
93 2040
1362 1570
216 1714
2805 2426
2833 1900
863 1870
2522 2020
1911 1976
434 277
1898 1730
1443 1393
1657 426
2473 1510
288 1866
906 625
1463 1219
1609 1196
445 2450
857 623
1924 1749
2851 1727
2060 1877
844 2448
1647 2924
2279 2608
1864 856
727 1318
2365 2173
1659 926
1969 422
2362 85
2 1823
427 35
2359 2995
2149 2759
375 1810
1710 289
330 2534
2100 2525
2926 1154
1139 2521
673 2771
896 2596
2408 353
2279 1423
2493 19
761 1494
1929 2465
2371 355
2784 218
4 2014
890 394
1770 358
1648 1682
2708 1432
495 2037
159 2414
2509 2920
611 1348
796 1674
358 1899
2088 219
1660 105
374 833
2665 2218
287 471
1020 149
2235 1559
457 925
1526 785
2982 43
1288 1271
2378 1052
2801 1782
1643 2448
1941 503
1016 1729
2390 1980
42 1028
1145 376
1460 1582
1734 2595
846 1806
1542 1480
1902 842
2715 2234
749 1693
2127 1392
2974 746
662 1426
840 419
2668 2553
1675 1406
2589 835
1194 1401
1909 1857
184 1656
604 2584
1399 111
1539 2759
722 2890
2280 2968
1951 2541
1656 474
727 2494
2546 79
1776 560
661 497
1995 2450
2252 2835
2951 1725
161 1224
1974 1402
2648 2102
517 1061
451 2274
910 1439
1736 718
2899 2315
1084 2269
2298 2017
2910 664
1058 2549
2595 2376
1600 2595
1414 1347
1693 1109
2042 1256
2931 1013
2150 2005
1190 764
161 1007
2522 2612
447 882
1464 1426
760 867
1283 776
688 615
2089 2320
1482 2916
1438 2494
2467 1421
1720 621
1492 2737
1945 1415
1794 930
2305 159
1 304
272 2349
2290 1773
2233 1399
1878 1046
1260 2545
504 57
1508 1382
2306 1997
944 1123
386 1448
140 1135
199 533
1447 1398
2808 2391
2499 820
1261 1412
1322 1962
1024 2507
1731 2144
860 1169
1983 1298
1237 1032
1389 2786
2436 2188
1459 2709
1823 2630
874 1749
1112 2357
1903 1148
2618 1822
2048 2062
2444 2213
2948 2461
1701 2509
1077 1669
2310 2226
1277 1847
2407 2082
1595 889
622 717
1068 431
1790 1781
276 491
2042 2873
2322 388
93 504
402 863
1769 2323
1761 880
965 2472
419 952
906 1377
2123 721
1557 526
609 918
2191 2519
2837 618
1550 761
593 1061
2281 1178
2058 2238
2622 410
2980 1224
2643 100
2428 1377
2727 1184
16 1798
2991 834
2714 1444
193 448
464 2072
2223 1054
417 2759
2583 486
358 2800
1170 2145
453 1473
1173 2277
1570 322
752 2341
421 1820
1239 2444
1777 2897
2438 232
1860 2667
118 1491
1341 126
1514 63
275 1714
1305 297
1984 969
2273 167
727 1156
680 1106
1426 1803
1692 203
1349 1134
949 774
2045 1661
2370 178
1655 2303
1014 829
2666 1336
961 1715
1464 1088
809 834
1497 75
588 422
2034 2557
2977 30
5 728
115 1193
2857 1023
23 1661
1738 971
111 2577
1254 221
1171 1688
976 1648
2196 2035
2858 224
58 1090
1582 2637
1927 1521
1315 727
2073 1304
1684 2778
520 1390
1537 1959
841 780
2386 2632
1730 1530
2862 2345
401 1682
2611 120
800 169
1075 1791
462 2835
299 507
2152 1701
245 879
2160 2435
2455 825
2581 508
1066 1413
2085 710
2429 1589
601 621
1313 939
1679 2507
2802 1942
1943 402
705 1619
2865 2714
2052 144
2965 1073
1340 2110
811 1192
1369 278
766 2221
2496 624
2679 1023
1235 869
2480 1022
664 29
1819 875
123 2586
1578 2555
419 2150
440 1810
2095 742
2059 1146
2115 2922
2017 2378
2935 2822
1903 762
2827 423
2720 1722
393 2378
2994 560
2563 2496
591 923
1112 364
803 2026
1161 2199
224 270
365 2913
1858 681
1977 2855
513 651
2277 2638
153 1860
1838 1059
776 435
2355 317
872 606
2922 970
2124 2596
1800 1587
1558 1538
2954 1977
348 2019
1537 1604
1432 76
1022 1498
1296 958
574 1411
353 1562
797 2855
2000 1348
673 743
67 2948
976 1044
128 2968
759 1557
1355 834
1482 1109
2956 2176
1109 1295
1066 1432
477 1940
398 884
731 882
1303 2801
2485 2680
2164 2706
1478 839
2483 4
2783 2872
2046 1699
1494 1879
880 1355
2032 979
1699 1880
858 582
1312 1460
1476 1303
2878 1503
1052 1131
1762 2541
1319 2665
2284 1014
2003 2994
83 1067
2768 2151
662 1164
2846 1273
2695 1537
2621 2739
2148 85
781 2922
2779 1298
677 1361
969 181
2740 608
1698 1726
1760 2219
1208 954
2275 70
2432 1020
2609 68
1997 1055
1392 2017
484 1094
691 317
2351 1715
2182 2903
2727 1525
2015 320
2613 1645
2300 736
1817 2189
2028 2205
2777 2279
1875 2689
2814 1589
998 2412
553 2640
503 535
1711 2643
1946 898
1449 2996
2311 2086
2012 2978
2495 2077
931 2486
2509 1958
370 1366
1100 1051
686 195
1966 1423
1366 2976
2991 205
2009 1451
666 1421
1285 2590
1151 187
1442 2480
129 323
1157 201
2105 1691
1962 2212
976 2050
579 1509
2276 1852
1442 1491
193 1201
759 1995
1788 2169
1887 1934
1653 187
1008 75
238 2588
2705 1022
1318 1064
1240 2746
149 1668
886 2668
1626 2918
2951 2993
410 2864
641 2211
2330 1810
2607 482
2626 2639
365 784
2530 86
2448 1932
1052 1947
2088 1375
262 1738
1760 2383
2944 1596
922 1521
1195 2489
2954 2892
1667 2536
1612 2830
2852 1622
2838 1497
2362 995
451 1678
315 2048
523 1340
1392 2246
2842 1942
1641 1522
1781 1038
2342 200
1712 657
691 2883
14 2409
927 1701
2346 2484
1171 2243
187 2381
2446 256
799 2311
34 1071
2604 1
2810 1935
714 1081
1531 784
1447 940
1956 1533
1585 1701
2511 187
1669 963
21 728
265 1836
1181 2152
574 2077
1195 2668
2955 1173
1621 2290
217 2753
1918 447
2210 41
1497 2932
1379 1348
1530 2870
301 2845
1696 1134
2316 420
2750 2587
1749 848
1337 102
2108 1228
2509 2473
902 346
734 215
2838 1714
853 1424
646 2871
2010 283
329 1810
325 2591
937 1836
2754 352
2628 152
55 1554
1162 2795
1802 2855
1177 1227
2362 400
1805 2417
1541 1786
1597 2809
1136 1587
412 2626
2992 1906
601 764
2834 1104
1348 1591
1618 628
2085 2108
894 2011
461 2110
2989 43
2326 521
1790 2161
303 2334
470 1026
1262 2187
1267 1400
2089 1155
54 1651
490 455
1052 634
2428 321
2256 1498
2291 422
282 2385
2864 1684
1226 2052
1247 76
590 562
1400 1107
1213 1038
1969 476
2426 1082
87 1743
2687 628
192 1418
1885 2622
2892 1266
2940 1938
2053 1032
253 1594
519 655
2476 1292
1720 2732
868 2938
203 1170
2692 1461
1588 2949
2394 612
147 302
2632 2678
809 29
718 1796
169 794
715 2980
850 604
118 1295
1251 2674
1643 2446
1796 716
2248 2801
1236 1824
143 1439
388 2243
1539 1798
2608 1917
1720 1592
867 2820
1841 2428
936 1198
2651 2075
1496 1795
2812 1475
652 2257
131 2707
2685 880
2398 1728
2862 603
1713 204
1857 2168
2718 457
1783 2183
2648 214
1232 494
2881 1298
595 2136
2453 830
1648 2781
1203 2015
2891 1281
2729 1112
71 2146
1025 1777
2095 342
803 1922
265 591
358 1382
2263 1094
2181 946
1820 1865
2472 1444
212 2492
1315 2933
1400 76
875 2401
1527 2751
1490 638
1933 570
854 2327
2968 1178
2189 731
510 1943
1809 612
2077 1777
245 842
2808 2011
1794 2015
1245 2276
2233 317
1081 1328
1394 2746
94 2982
2230 2334
2314 1239
224 364
1043 2445
439 62
577 1165
1047 849
1991 1816
2011 2841
74 1416
240 2564
398 2908
221 2760
1790 186
681 2628
2807 2400
547 192
2320 272
2329 1780
2610 1525
2485 2495
892 1675
1798 1095
1591 1508
292 2941
1751 612
1980 2417
176 299
280 452
2804 2418
1480 900
939 830
2193 831
2821 2414
2400 305
2503 2594
2856 2955
1053 737
1090 2728
2673 2792
511 2682
1069 1433
534 1412
2000 214
1598 1118
1337 381
433 1404
2993 852
768 671
1528 440
991 2046
1235 2180
2546 117
1544 2353
1635 117
70 2455
1818 1560
780 2571
1439 2757
371 1422
1199 242
1757 2687
2849 838
1573 2118
1916 2936
2679 282
1871 2199
1839 920
295 2360
339 1697
938 2253
2805 880
2850 1253
2742 1085
2911 1426
182 1667
1160 2417
446 2872
1454 1221
2738 137
419 2336
2449 2023
1968 910
131 2935
504 1417
2849 2286
1249 1142
2442 2930
1378 1355
2820 1554
1479 2479
54 644
1144 1757
1520 1684
2466 472
204 773
130 368
2808 1146
1964 2247
208 698
2127 2337
1281 1458
1235 2106
268 647
1492 929
2445 1247
1572 1052
2307 2607
2794 2874
69 226
2557 621
251 767
1762 2770
2076 703
282 2938
174 202
2232 1522
1342 149
2282 637
1461 330
1661 2388
235 2366
2677 761
1553 158
2875 1221
167 2243
771 2355
2529 497
614 985
730 445
2487 2559
865 2126
2412 2739
14 741
1084 2512
425 1014
2956 2446
929 2318
777 1019
752 399
933 206
1693 569
1466 853
1981 1747
2425 1017
813 2107
258 2476
1807 1961
2523 1246
1251 1028
1557 2321
889 743
2466 2656
1541 596
2524 1490
1276 1608
597 538
139 801
769 1508
683 850
1604 1317
791 217
646 162
1862 2581
1495 511
416 1804
1577 2187
1736 970
1311 74
2630 420
2010 432
2372 1179
580 1757
146 684
2935 721
161 2777
1401 394
196 2638
65 629
263 2963
970 2298
432 1393
889 2134
2178 8
2437 771
1955 2573
1333 725
2250 2582
1141 1514
2730 454
292 2655
1182 1551
1777 1823
2120 2384
2502 476
1711 1971
122 2381
359 1834
1227 452
2714 262
1830 1385
2610 1429
2109 74
476 2799
494 1926
1347 746
268 163
516 1203
1357 1972
2419 1758
1728 1065
427 2096
78 730
2299 2098
1206 2198
1759 1694
1841 1264
119 821
2385 871
1221 2731
2996 618
2382 2946
2386 2302
2128 472
438 1837
2518 2470
1642 2138
824 2972
924 1562
218 2428
78 788
1349 2603
2945 195
1714 1073
1183 1841
2722 88
938 2629
2948 1259
2201 2473
1315 766
2007 46
1406 1758
1282 916
2246 2814
56 150
1283 821
1810 2985
2071 232
485 2980
2088 461
29 1434
2810 2875
2722 646
703 1327
354 767
2089 392
2310 2453
1574 135
2759 298
2428 2866
1942 1776
5 1819
2703 1269
2443 2379
343 825
548 2393
743 2244
229 1674
705 1654
1657 568
1402 282
2602 2181
1679 2837
528 157
721 2885
2646 2515
429 1185
1415 575
958 1131
1418 2626
1316 1513
2829 1948
240 372
2830 1446
2609 1044
801 2433
2810 1866
1808 951
1827 2277
1156 1900
451 2613
1619 1312
826 1921
33 1955
2532 1182
1731 374
1580 2557
2157 2327
565 2341
2286 1235
802 200
362 1077
2254 1811
1015 2287
777 2216
1935 2141
85 1388
1564 65
2882 2927
1968 1308
1479 151
2895 2742
2967 1419
1823 2777
2923 2529
298 1755
1970 718
961 2262
619 1749
946 1967
2426 1005
1070 1697
2839 1360
665 2144
2572 2534
1811 669
456 2029
1843 1363
1661 1452
1964 2257
2462 332
1731 1361
1373 434
2032 2389
341 1816
2535 1642
1938 18
566 565
2366 2753
150 419
2600 2385
2692 2634
2088 39
2936 2569
2869 1777
2678 2968
2687 322
1399 679
2853 496
656 948
2334 1367
1646 2867
2552 1987
912 1529
2153 1830
1470 193
1536 87
1603 1895
2499 107
318 2523
2162 909
706 631
1473 1286
2676 2144
1042 2085
963 1712
1777 813
2279 2538
2870 533
1694 2563
2453 2422
648 1949
2134 1429
1806 2741
982 398
13 1986
1485 2655
2376 2112
1130 1482
253 2878
1352 2962
2307 2396
336 2493
1426 1199
1460 128
17 1088
255 251
2046 1458
2439 876
2996 2908
1497 1020
7 30
2257 1459
1639 2969
1408 1719
2676 2225
2560 711
2449 589
2818 826
228 1289
2912 653
2482 349
1882 1210
2414 2701
2727 1361
2291 1744
2577 738
1695 506
218 1911
2313 722
2823 2315
648 1890
2283 1982
1828 1341
875 765
147 2427
1340 1130
145 1720
1703 1731
2568 2442
2314 2801
1751 413
1372 333
537 2373
1133 1501
2868 903
961 1158
731 349
2864 1096
1475 2467
2492 861
1243 2529
2248 2277
465 1567
627 25
654 1138
837 2027
2113 769
2085 1271
2013 923
298 1519
1444 1647
2 264
567 868
1332 1430
2132 1378
584 633
193 2934
2208 1374
2804 1268
467 55
2074 923
150 2047
293 2071
2597 26
484 1693
469 2108
1682 2123
543 1120
2312 1138
1174 2122
760 1654
2073 1249
701 956
1889 826
803 1350
353 2016
1049 1906
40 1135
2204 1395
1060 814
515 2776
2052 1134
1375 94
2509 12
2549 1954
788 2272
516 796
295 1447
532 2937
996 407
2321 1843
2618 2666
2738 2126
1367 1299
2025 1478
192 2316
1222 666
1524 2035
1216 2655
2844 2090
2842 411
148 915
897 2133
2140 2730
155 1319
807 2858
2495 1782
797 2645
1815 2780
2824 1327
1262 1597
2941 382
1881 2567
586 2499
1060 533
2653 2987
2159 942
2987 2526
1533 705
2111 132
2761 292
284 882
2354 1323
2286 962
2658 1566
901 588
1980 531
2736 599
249 527
2660 123
1547 11
1705 118
2669 1422
2303 85
681 1808
346 108
1259 513
2594 1126
2557 208
811 877
1219 1806
1851 1863
1839 351
1823 1621
1438 2397
2153 2066
2522 2860
1258 1606
1077 1029
2356 2940
2428 648
2619 1729
194 2296
1209 130
1702 2844
886 864
1850 2528
459 2108
260 2023
1697 2615
2489 2508
514 1790
2131 1920
652 1380
1514 1317
698 2076
2133 677
2133 1381
2743 1309
815 1858
2642 1241
510 933
415 454
476 313
2231 1521
130 1210
688 2903
369 973
2421 1490
1170 1855
2662 1340
2802 883
786 2493
724 53
2183 1746
1235 2733
121 1696
171 1515
1499 2152
334 2047
829 1350
1119 2268
2128 1907
265 915
1751 2589
2360 144
1412 1453
1012 1514
721 1110
2869 554
1739 1594
2343 1613
907 1376
2993 1301
609 1737
9 162
1274 1047
201 934
1824 1475
2823 164
151 2931
2669 174
2428 2549
2213 2166
2921 17
2549 2038
2089 2656
2624 2407
2589 1851
694 2259
2794 2385
1320 738
106 1244
549 2508
1624 1827
2305 2544
1708 1729
2327 1461
2258 988
540 345
2914 861
2176 1434
2110 2255
2231 660
1879 1737
1885 707
226 916
2836 1626
420 437
1266 1130
2040 2874
1105 1032
1598 2618
2213 1342
370 266
1993 1228
439 487
1814 2925
1447 1619
28 1376
2872 2770
910 1966
1612 2630
2134 1359
764 201
1186 413
2013 2948
347 1636
897 2508
1022 2516
137 168
1112 722
1062 2403
2871 1213
2283 1349
1667 1047
1407 2965
2793 1774
2917 322
614 249
2409 2755
1622 1364
977 349
191 1241
1800 609
1766 1572
1249 1887
137 2172
2330 1725
2660 1649
2219 2642
955 2210
2420 1097
443 1296
1122 1128
2226 1565
1184 659
2605 2692
623 2194
2509 2518
910 526
1472 1463
1262 2389
2292 847
1563 1113
540 2979
2434 2943
1143 2318
2736 1977
1815 1726
426 2548
2635 2602
1495 1520
1940 1335
285 1947
2697 898
298 2652
1754 127
2267 2210
103 2605
1565 351
1589 683
990 557
337 512
458 1159
1414 868
1911 2509
1170 1294
763 1274
586 1272
1183 313
614 350
2471 2485
1123 490
23 152
2255 2709
131 912
2077 246
98 147
1926 210
2233 2913
265 2449
2299 1291
2067 1755
2358 1443
82 2582
742 1573
1652 2752
696 61
2621 970
2771 2880
1529 460
25 2039
1304 2928
1431 1124
2400 2745
284 2833
214 1709
455 2053
2369 1655
573 2045
1418 2160
2780 1577
1095 414
2415 2516
2949 59
1185 509
102 968
1877 1745
640 2269
1739 1828
1501 1330
593 597
2616 1034
1533 355
2730 2069
2867 474
274 1775
2869 2799
2163 1391
998 2943
2826 2774
521 312
2185 712
2814 2569
1313 588
2224 2813
2877 2201
2651 2759
581 2911
1322 666
2125 1363
654 2406
585 443
2421 1580
950 2267
1071 1437
2214 1139
639 1019
396 590
1295 903
1309 804
2628 1763
2906 1873
1040 1681
88 1537
2609 2155
2581 1540
1587 2085
1368 2146
430 2176
2993 2036
1050 1321
2046 173
348 1806
2149 1472
379 1140
1060 730
1925 994
2984 2120
2165 2716
2291 877
1654 2696
1588 950
1146 1143
1271 2724
394 559
1837 1029
2255 345
661 1197
1275 500
2952 1147
2529 1024
966 414
1214 518
567 1060
353 69
826 481
373 1102
1051 2872
676 2130
795 5
1467 1737
501 1414
540 757
2212 1639
739 2879
1743 2519
1671 1853
1274 645
2865 1622
1965 1355
2209 481
1838 1017
1471 197
367 2653
597 1153
460 1085
1018 546
293 2620
2853 2211
690 1541
1415 2808
890 1452
1716 727
101 1722
324 799
2929 1511
159 740
2738 157
1471 2154
2552 2089
1794 2460
2234 2782
2557 1790
1537 673
782 2695
1114 2267
2379 1422
2671 289
2960 1856
748 160
1878 847
2625 1970
2996 3000
2413 1747
346 2429
2558 84
2003 1883
1226 1846
596 1086
2852 1928
2686 2437
1072 937
2958 456
2212 571
2026 1125
1919 1554
722 2791
2022 1942
1682 1247
2680 867
2774 1960
1869 1469
880 1119
1670 1834
2385 2395
1753 2081
2024 1855
1729 2972
1371 300
203 2830
2157 1117
809 1626
1397 1889
2330 56
2806 1904
339 1229
1447 2635
271 1722
817 1482
2806 2992
1355 311
435 1920
2765 2350
1910 256
2427 203
1953 327
1791 2930
2916 1843
1697 1240
2037 50
247 1437
899 2483
669 1753
1231 780
910 452
2862 2801
2639 1693
2186 1207
1484 2539
1389 884
2515 2194
556 609
1408 1555
2992 2133
2100 514
501 102
1635 2341
1640 2179
968 2990
1182 2985
960 213
639 672
25 2235
2606 1216
6 2431
592 83
2453 2707
961 1232
1465 854
1975 427
2031 1845
1840 1023
240 2915
2067 215
2074 1661
1746 389
1514 923
1616 2369
1419 995
1017 2560
1923 2245
2819 105
2823 1258
2637 2494
1423 915
1681 1645
1681 2818
1878 2162
2627 1761
630 2984
2615 1936
2081 1421
2970 2726
2153 1485
1789 2027
2477 772
2239 502
229 1394
2412 1165
2710 2973
678 2050
1633 2766
1845 1234
1602 1731
439 1885
1668 493
274 1938
770 537
896 1921
1803 2636
497 2590
1879 2787
387 1444
1619 2504
1017 448
2109 2690
2690 1125
856 2415
1414 596
825 844
985 1319
2139 2464
1061 2253
826 768
456 681
1828 1573
467 2462
1100 1237
2611 1102
873 952
2162 1656
61 1912
2836 2343
2784 1757
1664 2529
1164 870
333 718
1949 2060
1593 115
1729 1117
240 2749
940 335
2113 1414
2325 2790
2210 1791
2644 2222
376 765
191 378
172 2211
784 2404
1275 469
87 2989
212 1796
2494 1124
516 177
2819 435
1020 1919
448 202
753 1751
118 2510
344 2629
2065 543
1585 286
1499 84
1890 1726
839 625
1774 1992
2285 1471
751 481
2155 1723
2327 926
2883 2680
926 1782
1040 355
1778 1523
361 1999
2327 907
800 102
992 2658
1301 216
884 2639
1995 2260
2928 668
1068 1113
805 656
180 1377
2009 2592
2367 1537
650 485
1920 1316
883 895
2789 19
1673 2648
943 2653
1115 1038
2154 810
1257 489
2419 1735
1630 1546
1626 1019
2636 66
472 1447
1145 693
1094 1768
1619 2636
318 1606
1051 1765
188 1234
1836 1785
2993 1499
245 1142
1487 1567
2150 859
618 312
1989 798
1022 2496
2592 712
2607 796
2710 365
1777 698
1017 1610
844 2132
2348 2827
1156 1386
2778 606
2067 2879
2240 1115
894 202
205 2348
2523 1753
242 1533
1431 2122
769 1668
1158 1774
2676 1595
2849 832
844 2038
2116 1531
2277 2150
1500 245
1119 631
2831 2966
1261 1227
2621 1058
344 1730
1682 1550
2118 2830
1115 854
545 370
1886 2562
399 335
1210 1967
1301 2579
1461 1409
2823 1314
949 2571
2366 1364
2612 837
162 2414
127 2000
2003 658
1193 496
412 2670
69 592
1964 1597
2297 824
994 1076
2273 1275
1054 960
1107 1258
1448 1902
464 2649
2804 838
2786 2944
2357 2138
1636 1489
2659 523
2166 660
126 2207
19 1587
1656 366
811 1645
1681 2949
1688 1109
1897 353
2350 1950
1753 3000
1066 1905
1171 593
2731 1402
2111 344
2459 1729
969 705
1856 187
2395 2979
2024 20
2742 1322
106 2762
427 2685
587 2811
1876 2869
1778 1255
1550 483
1964 188
335 1863
314 623
1447 1032
1118 2925
1822 1666
2075 114
1043 2225
228 16
86 1557
1471 2752
1928 2538
73 1758
2551 960
164 2773
236 780
1595 1088
520 1542
2409 1512
2202 1430
2486 2719
1848 1957
305 2507
97 201
1461 2361
2140 1500
139 826
2746 559
1441 1672
1614 2499
1038 134
2250 1678
691 348
2473 2612
484 1297
1674 331
2945 299
359 581
2230 817
344 2256
1219 1209
1360 2482
2863 1577
2432 1281
339 1281
1616 964
2786 162
915 2309
2155 1832
1800 2024
279 2694
2141 172
675 2868
2493 2781
1130 1105
2338 328
440 1284
2834 1435
1019 1874
1502 1885
2684 28
1364 1146
2792 147
2723 974
418 2786
2672 2341
402 575
1970 1008
1449 1738
2667 2615
1870 1118
2658 2668
708 2890
2832 581
2521 1872
113 2327
1392 370
1729 755
301 1440
942 1914
260 834
1365 1453
632 762
863 1631
1599 2599
1613 2777
784 1081
2842 898
2580 2764
720 788
80 1230
674 2603
781 2031
2608 2278
1849 1454
98 930
1542 1839
754 2413
539 1822
1777 2518
1124 764
1203 801
396 2405
2747 1034
1782 98
2869 2553
922 2748
2181 2017
101 528
2763 1890
507 441
1155 2691
340 1974
1377 2829
762 1566
2477 2025
1097 108
1157 836
946 725
1709 2626
643 272
833 59
2781 1297
1842 1
242 1718
1324 263
2954 390
817 957
1560 2900
1607 1645
870 2970
1162 425
1489 69
1031 2638
1849 601
55 2128
265 2025
2251 1139
423 364
800 1713
1874 958
1218 786
366 827
637 713
1024 365
1133 696
1050 1274
2097 1178
1690 131
1504 1858
686 2531
2958 1948
1791 2561
1825 905
1974 2275
2411 1830
205 1669
1107 52
1713 1614
1488 1339
1223 1264
997 2015
2075 1001
802 548
2850 2753
807 1577
16 1323
2227 2009
87 2731
2365 2699
2920 159
1988 2656
2502 102
2247 367
418 1737
1 263
397 2590
1452 1570
2996 724
569 2180
342 2034
2435 151
2630 1260
236 1139
1119 1953
2796 1635
1053 1113
318 990
1293 2665
2457 2145
1682 1257
1898 1398
2722 1269
2865 492
1212 1405
1233 2101
1393 2160
70 547
2607 2130
108 191
911 2008
739 1761
2870 475
2377 261
387 522
1 368
1896 1277
542 1136
2683 591
2740 1951
1815 784
1030 2386
2521 1664
2887 2448
1912 2866
204 298
1581 362
2647 2394
1838 2999
1011 1089
183 1399
263 1004
1397 427
2835 438
330 2783
2853 312
1058 2892
2676 509
2350 98
1395 1081
2590 894
2094 726
2700 58
828 42
809 888
1526 2450
408 706
916 2439
90 2079
1100 854
1493 1829
2743 2733
2605 669
1121 2709
2529 300
1996 1899
551 1070
922 1416
1702 701
267 358
2716 82
2910 1736
1955 2908
265 1062
687 2339
1745 2085
246 790
1050 2842
151 410
2087 1014
2506 1710
2428 2873
1440 2973
873 2143
2476 2470
845 2822
568 1854
1667 2009
247 1783
159 503
950 158
448 1752
114 577
853 1581
2468 1150
2575 870
2724 200
1238 1266
2814 501
432 2574
1060 2535
413 2457
694 2884
1813 1965
989 1770
2370 567
398 1096
991 2942
1255 579
1407 1799
2504 991
961 1273
909 276
1396 2105
1230 1516
2882 229
1298 749
923 2274
1378 1524
2848 2092
2254 2797
1821 2663
2299 526
2110 2106
2100 231
2060 1430
2126 1380
1718 2897
810 2993
262 313
2323 615
2921 2690
811 1453
75 2498
969 612
1140 1601
782 208
384 2755
2646 2430
2716 2460
76 1624
1960 2772
227 2726
2441 2296
290 1285
434 477
1568 87
67 1396
128 2615
964 1130
2723 45
2480 490
414 331
1861 1873
359 157
1556 2190
1366 1044
2114 1968
654 1818
2781 1369
361 1559
1866 1506
906 2850
1423 1759
2906 2619
2469 2981
2500 216
1374 1000
2839 2944
2236 1165
372 107
477 51
2419 88
204 2792
907 1568
2574 405
1905 626
2155 2416
625 998
1064 638
1626 2891
1294 2638
2273 1526
14 75
996 2503
1921 1334
1153 1847
2335 1362
1477 54
853 400
1250 1203
342 2843
1377 1726
124 2867
2832 2124
320 663
2753 514
2737 281
195 2802
666 2125
1517 1840
816 1776
1996 1767
364 189
1369 1559
2616 460
2879 1905
1250 2089
2364 1010
2650 1682
2476 381
1748 333
99 1248
2093 1821
2406 2833
2376 2899
1389 2208
2792 174
2528 1666
416 1229
709 819
953 1804
2949 2028
103 2286
1536 333
362 1692
1704 693
2961 319
807 2362
1911 1718
92 1507
296 2882
2894 1766
2336 168
580 2951
831 2200
2135 1524
386 2195
2259 2793
847 1510
465 1556
1755 2150
642 648
1673 2181
1596 2742
2408 526
2930 746
230 1616
37 663
1976 1377
1573 1085
1195 2948
1804 1814
701 1189
2778 2792
2973 1970
1802 1934
2126 1230
2297 1600
2106 2270
1073 540
2078 624
1439 1269
1748 254
1554 2736
310 2409
1109 1955
1724 646
1355 1312
2789 825
2209 1578
661 886
1715 4
32 2012
737 2280
2755 548
2192 2056
788 884
814 1093
1967 2344
1929 1707
268 1759
2332 2309
1546 98
1468 246
117 328
879 2640
1054 1783
114 2173
1846 327
2301 2439
421 2742
2734 2670
2174 2182
958 34
2283 728
1772 2086
154 2717
2388 2366
291 1509
2938 1968
2946 2488
2636 2739
425 2165
1167 2788
1787 877
1925 2412
1445 1053
956 1275
668 2222
493 740
1713 1156
344 459
2745 1944
2118 1766
2079 376
1409 587
447 1404
75 2475
2790 307
456 2721
684 482
456 2083
588 2078
2882 993
2574 2318
2436 1431
1512 2606
1805 1208
129 1803
1317 387
1117 1977
2797 2858
9 1172
639 2996
708 2805
2651 108
380 1750
2988 2260
1659 912
2613 2802
2123 1952
504 1196
576 2037
2434 679
208 1628
599 1353
1006 58
1296 2493
2162 1868
1965 412
1469 541
1799 1971
1317 282
2877 219
1233 1312
1802 1718
2816 138
2790 663
1121 547
2291 258
765 919
1283 45
458 1057
1525 1328
1935 945
2493 1692
287 444
2517 237
1903 784
279 452
63 2756
783 2427
518 1208
1609 1859
1335 2341
1489 1704
2327 1476
1530 664
2897 1310
1029 3
2278 1478
1991 1278
408 1104
957 5
2708 131
2378 2120
2475 1712
2021 1609
51 2251
345 63
1675 347
199 2242
1052 2117
859 2466
1386 2280
862 2875
2768 1140
928 2640
1015 1292
1071 1838
125 1337
87 490
1062 2948
2320 654
2070 2330
641 936
2221 1418
1068 1137
2416 1606
583 2060
457 714
1539 2720
1821 2988
2827 1254
205 1188
1620 808
1984 1976
1993 1828
69 399
1286 1296
388 1450
859 1358
2632 177
238 2012
1024 1711
1898 2348
2856 2279
1760 2218
2167 807
2660 2973
1465 371
2727 657
610 755
875 540
2314 1517
1495 2673
12 2998
2379 1299
2169 1574
642 2594
2411 868
1284 2754
1317 653
2572 171
2197 672
1560 699
2853 1903
1371 1460
660 2854
1169 2837
2369 1521
11 2619
2858 1039
2768 2211
596 2097
207 2458
1930 1225
2104 2589
88 1818
2182 1467
2789 650
2671 2588
870 1271
1621 1963
1399 1072
1315 1830
1939 2788
1008 1712
2254 2517
1957 1790
2378 2633
577 321
1015 2134
506 519
1594 332
488 1995
1201 2856
2763 2041
398 1274
2337 735
207 759
1409 686
1053 231
1016 105
502 510
1222 1309
1694 1372
1156 2583
2119 2870
2267 1465
289 2902
232 873
1246 1460
418 78
1908 97
2150 1894
2484 1296
1838 1542
1964 2448
1209 200
1591 415
280 215
954 2571
1183 484
2289 2735
852 2333
42 1780
1471 904
2090 185
162 1245
1085 1294
407 465
1201 687
1625 2928
2643 2207
2528 13
2968 1934
2447 1422
2630 2397
672 524
517 1992
691 422
1527 2617
2386 6
848 876
2383 154
160 1641
25 1216
2112 945
1520 1233
277 294
754 1968
962 2290
1830 368
254 638
1267 868
1772 988
1791 1969
24 710
1119 1692
438 2308
1684 1470
2295 2687
13 787
2366 2668
1526 257
2790 786
2565 2633
1174 159
1830 253
337 2684
2659 403
1786 2223
1418 208
2550 953
2615 1493
595 2190
2590 12
2875 1578
2187 2967
2455 1371
770 40
1019 193
2100 2847
2935 2377
2909 1058
2301 1317
41 2957
702 257
1234 1116
33 2565
2883 2597
70 1014
2561 1301
1315 1151
110 2190
678 254
796 1739
875 1676
2933 1283
1805 2279
2436 2202
1318 979
195 333
930 1358
548 650
104 761
136 2028
123 1831
566 860
195 481
2344 98
2525 2868
2706 1111
1722 1746
935 2720
1500 1108
2343 2135
1341 630
105 1583
597 2717
2675 2444
2207 2294
932 2098
922 2486
2101 1437
1861 1107
2145 1193
731 1071
244 320
2033 1552
1656 1920
524 1888
932 64
1276 948
1438 2873
347 1558
1844 1957
2483 787
1630 870
1438 141
1491 2242
517 2351
975 1993
2272 1501
112 1494
2771 922
2997 2855
79 1446
1940 358
2665 1682
1245 1306
2956 2713
2605 369
539 2953
768 607
2515 550
1317 178
1225 2338
156 2707
2002 2107
2581 2565
635 2385
2704 932
1663 1018
1087 1140
325 2224
2046 1196
2662 2689
2339 254
1901 1629
2526 255
1778 2440
358 1277
2341 2742
268 2592
611 2913
2867 2087
2203 2660
2773 250
2011 2832
2526 1513
2841 2721
2136 11
819 2497
2027 84
326 1508
2919 1405
1330 1862
546 455
1021 1451
325 2819
1458 1229
1667 2810
1532 1254
2695 99
481 2790
1256 2632
2372 725
2128 525
718 1183
1075 198
1030 1933
453 1272
2134 245
827 2168
1641 892
897 56
1455 2130
427 194
2958 789
1589 107
1997 2258
1275 2315
2401 1607
413 2144
1931 1777
2523 309
678 2294
1923 2727
2023 596
1453 2429
1340 814
1320 1645
2104 1699
769 1498
124 718
2333 187
2500 1643
2506 1314
1195 2492
639 547
494 1085
1854 158
1270 2302
1704 2496
2966 1023
1810 45
1488 148
2090 1750
138 2861
1392 2059
1760 2492
2872 1153
2309 1012
2693 1672
1794 880
2848 1117
457 204
2072 827
250 1975
2693 1980
887 1711
1756 2145
1745 2868
633 1777
1737 2957
1858 1176
703 2649
2024 1152
546 1141
1444 1439
1260 954
1809 2013
1320 742
866 1651
950 689
360 1626
258 2183
2411 951
2304 1580
1032 342
1524 2130
2727 1521
4 1571
2421 1820
2742 497
1533 2960
557 1536
1548 1199
1229 595
2384 505
1356 1554
840 2657
1722 2662
2016 1411
1227 2202
647 2291
2060 72
511 2812
2096 588
1058 2844
1769 145
1345 1612
2889 2466
1105 296
133 1818
1544 1532
2373 2313
2328 1588
1542 54
2163 12
1361 1066
2506 2960
1132 1611
2443 1032
243 672
703 664
2840 2268
1639 2140
1945 1169
1632 453
2664 711
2357 639
2525 682
2450 730
1898 1564
1570 2228
2755 2600
82 616
1765 559
58 2757
433 189
868 534
2540 2835
2877 53
2000 322
2586 1176
181 2658
1125 2876
1421 2754
2265 1875
743 1372
2652 105
1824 2912
425 763
832 448
1897 1837
172 2433
1236 1793
2254 2821
1273 1685
2758 2426
1757 1610
2396 2865
354 1248
634 2728
1421 1894
2165 524
2399 849
2224 2761
2809 1459
2125 2365
2237 1276
2164 1625
2518 925
1343 1260
562 1240
657 44
320 974
936 2638
1680 2167
1421 2293
3 737
2474 1405
2951 1832
2074 2755
2399 2681
1531 886
2118 1353
1257 1237
1680 1911
1225 2248
919 2227
1174 447
2156 1627
1766 2385
1509 796
1607 1544
418 2956
2829 157
723 1747
1251 926
556 1132
438 2614
942 605
317 1793
2891 1369
2796 1659
2541 2910
369 206
1659 1986
2460 313
334 1775
675 1405
2556 1255
911 875
2273 573
1274 1332
413 1386
2857 2453
1378 1274
2266 1957
2794 1177
2951 1030
1493 1503
663 2046
1269 1118
673 705
2787 887
1398 1400
1667 2831
1628 1821
2178 2255
1384 318
126 1079
917 1160
2873 2014
908 943
1872 181
2085 2163
164 2852
2463 465
1124 2958
1346 2318
601 2243
315 257
2850 164
1657 674
2790 441
2214 1680
598 2270
2397 790
2074 2407
1828 2921
1899 221
2316 1043
385 2661
2756 1664
1588 556
644 711
1440 1156
657 2338
1156 1453
1320 348
2328 2653
2173 2287
2281 101
1922 901
527 1212
2591 1369
1832 784
2142 2957
2734 2644
2115 2198
2011 234
724 495
387 2596
553 474
526 615
22 2170
2947 919
1514 2392
2856 465
1221 1434
1599 2580
2277 2019
1735 134
888 539
1101 635
2337 1709
888 571
2800 2966
1869 2201
2787 2730
1964 2110
4 2693
2136 2951
214 140
2396 2498
2668 717
2890 1093
292 1243
2157 766
2350 1059
2368 1280
1065 1518
1392 157
2969 2099
210 1910
969 314
1031 451
2620 201
1486 423
458 2052
2378 585
2362 1599
786 721
1704 54
1115 2766
1201 2772
2606 1800
1774 1180
942 1595
2685 1197
1923 1623
606 1744
2121 1939
1898 1517
245 1728
1650 1561
2339 658
1688 1652
13 1428
942 1526
2996 1960
1266 1255
426 629
1043 1436
1429 1075
2842 1004
366 2773
1846 183
1322 1480
2201 157
1814 702
493 2805
1677 2357
745 1304
287 961
1471 1082
39 545
1058 1946
951 17
1472 1091
2564 598
1395 2939
1358 92
2218 2949
2919 1561
2625 2859
2689 998
1422 1242
2181 914
221 1593
613 2346
2174 866
494 1380
1820 561
2634 243
2960 1525
1973 2349
2709 794
1971 718
2488 260
1196 112
1114 1904
327 193
2694 2686
1207 1322
629 2530
1689 401
294 1455
873 2212
1695 1436
1466 668
2486 720
1972 603
657 1833
1620 755
594 147
1397 2038
1978 1566
216 1942
478 2035
1628 1251
2773 765
2918 736
1345 1477
90 599
1047 716
1446 48
146 1124
833 1420
56 1897
2512 2994
2910 1249
87 1162
1641 1401
192 2316
22 884
2591 2473
1079 78
1923 1010
638 2215
2612 254
2810 709
2555 888
1009 482
689 2051
1939 1583
1655 664
2829 967
2036 2967
966 379
2387 172
207 1985
1964 457
210 89
2827 2403
2120 1769
606 77
2969 1389
1472 2992
2025 1411
2748 681
355 2274
1913 1530
1665 1945
1644 1039
1806 2942
1485 754
1136 1394
348 455
1017 1842
167 7
703 83
286 2456
2486 86
2180 308
910 1614
2727 2053
78 1509
2870 863
2181 709
1990 2550
232 2113
2107 2965
1959 702
2867 953
2594 2382
1276 1542
130 659
2185 109
2586 2224
274 713
2638 1963
2420 337
2542 127
1309 1975
2856 2010
1572 2370
2404 2717
1100 367
2747 345
881 1102
1695 2382
1878 1733
2685 1849
2153 2314
225 1803
448 1883
1070 2282
42 2432
1097 575
2233 530
1244 2429
1884 858
1824 1945
2413 2649
2165 10
2263 2864
492 1511
1219 1577
2157 2985
2178 1529
569 1392
2494 510
19 1994
1174 543
1118 2122
2957 977
1385 84
2351 1916
890 702
1308 2368
1439 2319
2864 1732
83 86
2044 631
955 2903
92 2107
2717 1865
768 1348
2617 1978
778 407
1993 1976
1833 1877
2624 71
1438 2470
506 1188
478 850
1023 822
1961 808
1704 1292
1417 2998
153 898
1300 375
2943 2503
2979 2579
1923 2812
1172 1567
1384 2092
1545 2692
1700 358
2757 1800
2462 2531
1984 2586
55 176
561 1751
883 1553
2409 2618
46 2357
121 721
2931 2115
1195 834
1911 1003
2380 2398
514 617
1097 289
167 1337
2167 189
1711 276
2625 2997
2089 1034
315 835
1145 1868
168 1134
209 2669
839 2298
2637 974
626 559
255 2774
876 1005
1991 1859
1250 1595
2500 2659
2519 2950
384 239
613 2096
1031 126
1065 2820
505 2243
794 382
351 693
2546 2478
1742 1316
1096 1104
2847 37
2884 1424
2322 2118
881 906
83 2878
616 1636
1314 1171
1322 2358
1312 1605
608 1340
134 2270
72 2455
2940 1860
875 2216
25 1694
2649 1503
826 1030
1516 311
1246 2196
796 1206
2457 2342
1804 1624
1714 518
2961 2173
281 2780
499 1715
1406 1148
2375 1063
712 897
2934 2780
1901 2556
2473 965
2883 2035
2858 2077
683 2986
2720 86
2123 1723
2211 162
876 2963
343 83
91 2003
1571 1994
362 2947
2355 935
328 2879
1013 708
2678 552
108 191
50 1766
306 2581
2308 1375
2425 1571
1516 850
2941 2043
460 626
635 1300
155 2411
1302 2267
1106 2471
1709 2151
2677 540
502 1320
1001 659
330 2642
437 2238
1659 386
2984 1505
2733 485
1898 533
204 107
1316 1680
1216 888
2780 2830
632 76
773 1904
1403 112
2388 111
2842 1694
978 441
190 2847
793 1851
2732 2485
2493 1890
2849 836
1877 2642
1893 1999
2091 1979
1415 1639
310 930
1743 2992
2190 344
2267 2953
24 1738
94 151
2005 2
1792 732
2432 1453
2169 2922
1849 2259
564 1952
1550 817
92 771
2164 715
831 1852
1616 1218
625 668
267 2622
2560 2347
1564 1719
1987 523
2815 2337
637 2380
765 14
535 660
1031 1233
2654 1530
2125 942
1930 502
1602 946
1495 607
962 293
2354 2958
558 660
2470 1540
354 1525
1720 2457
863 341
2824 2365
378 646
2115 1664
967 1344
2990 1312
50 2947
2494 1469
299 553
2252 496
1413 1689
1214 1265
2945 51
1672 2282
2666 552
1903 2887
2503 163
59 434
2250 2939
459 1959
176 596
2950 1084
75 429
1190 2691
1111 412
1615 2951
60 2380
291 1992
1176 2345
1458 2819
318 1103
2763 94
306 2572
1522 2466
938 1631
2956 329
942 1366
2632 2292
1852 2892
1934 583
29 841
2164 2037
2082 843
107 2396
1054 169
1945 1951
281 1729
1588 2645
750 2033
1853 1614
1389 1397
1929 1787
1250 760
2006 1621
2809 2235
915 1769
2598 1895
2233 2599
1782 1027
686 2882
2695 2161
2478 981
293 2658
315 674
2808 1233
2579 2060
902 2604
36 2591
2721 671
1975 519
1874 984
2593 2971
2687 2751
1769 2405
783 987
2743 2026
10 1850
714 1501
954 2061
1816 412
134 340
2130 942
2282 1
820 161
164 2605
1148 2274
2319 793
691 1887
2418 1801
2247 2853
116 937
1052 888
1564 1495
1429 1685
1429 193
2105 2344
203 647
1438 2534
2899 2564
807 1273
445 1261
1888 1115
1457 992
2877 1150
351 2881
1350 2850
723 1870
1335 2647
451 2362
1819 2209
2436 3
322 1425
1363 1773
970 2308
2484 605
2512 2889
1510 2480
1537 2399
1844 2962
1342 1129
1475 417
437 700
1346 3000
756 935
1714 399
1302 1321
25 2894
264 2015
1973 425
2245 2921
381 2384
1925 2414
97 179
285 2933
2732 2175
403 2925
615 2469
1424 1327
980 290
788 2091
1239 638
1676 1473
2874 716
2386 652
53 1943
1956 1654
1414 224
2783 828
2724 1751
2920 2469
779 329
2394 2602
2688 1529
2885 2469
1859 11
1314 2420
2996 1481
345 697
798 1035
2360 2739
2033 2276
133 799
285 841
1268 2297
1512 2032
1052 2936
2231 110
1832 1402
2271 1963
1231 2452
2080 1272
1571 140
624 2986
2647 2806
2309 609
1196 2241
845 2010
672 1663
893 1813
1060 1458
1900 2781
2150 1684
2307 2239
266 1331
251 906
292 551
1972 789
1229 598
652 13
1925 1102
1284 754
1476 91
1403 752
226 1377
1419 995
1658 512
1559 1721
1053 1766
2355 327
2191 1702
18 2047
1771 2068
255 2233
517 1622
2939 2733
282 1438
2253 580
2130 1831
937 1395
2503 837
323 1678
388 759
2872 2583
1914 960
19 454
2641 1372
417 2523
2876 97
1987 2059
1807 760
1831 2928
1884 2045
2084 2663
102 583
2026 2916
2446 471
2189 1110
894 2386
525 1306
36 549
542 1829
497 2171
2398 265
2084 1522
2430 1030
1256 2263
949 1958
1480 2608
2687 752
308 310
1381 482
1511 2040
878 2273
1676 2942
2716 1838
218 2012
1954 1770
1573 2987
1951 1186
70 853
1791 1264
849 372
2809 1331
2895 1374
2144 1811
1177 2285
2704 2068
1311 2261
477 407
437 1890
2852 449
2761 1128
421 843
1144 1347
2336 1389
2963 270
773 1057
1058 1450
2827 1011
1657 1132
90 827
1517 2070
1201 551
2622 391
2638 2568
670 440
2515 396
2078 1122
1939 1924
2760 2495
616 1363
2654 862
165 2536
80 724
88 400
1176 788
979 1383
1031 2071
2077 758
842 2676
486 2516
570 1170
2880 1650
2787 2606
132 80
1469 1003
759 1162
1447 1094
2576 2973
346 1568
2990 1825
2971 347
2361 656
1491 850
771 2314
2277 714
1705 470
2599 2476
601 2409
2731 1720
2886 1230
1992 2683
1274 2461
1856 622
1338 355
2128 2111
2503 1430
1988 1713
99 190
2113 656
2499 2740
2226 2928
1019 2988
2217 2112
294 1536
659 1459
780 441
2136 2292
2918 487
701 608
1590 1338
1008 95
365 657
550 1814
666 497
2393 2267
934 1277
113 2522
935 785
638 2576
2554 321
192 863
2454 167
1648 2835
1837 314
2034 2415
1946 2529
976 1321
2190 875
2454 1561
2271 675
1039 139
1672 585
1387 2167
2350 1205
93 749
114 498
975 1574
2306 63
1970 1584
241 1098
1467 2574
2821 2130
500 796
2525 494
2442 1923
2726 1525
2234 994
1121 245
1216 2730
1986 1063
1913 1753
1000 1398
504 1400
772 1917
814 129
673 2757
788 1014
47 1926
1009 1274
1304 1667
861 1613
1245 2032
499 173
425 2174
1749 2529
1401 925
437 2664
1762 1930
148 2345
2679 844
59 2407
885 187
2373 2779
892 1114
2232 2101
1679 2959
374 621
630 2174
2382 2285
2061 1737
676 412
1429 1345
2873 1187
1279 1133
2232 917
440 1486
1783 2620
1790 2763
2105 1489
1078 2248
1378 1033
2593 5
818 1229
444 2988
2971 2123
544 914
1906 1952
2488 746
357 2101
237 2355
1083 1530
1931 2942
425 719
1870 2617
686 2568
2316 1951
284 2208
2807 1355
2032 1925
768 195
2645 1830
1575 1380
1772 1922
2048 2917
1332 446
2675 564
1321 2380
1239 8
1087 445
1342 809
2487 1055
2257 2610
606 2097
1191 2697
1769 969
1410 704
1003 1157
307 1931
929 198
2559 2416
2624 2853
865 2039
1419 82
2153 1422
387 622
696 2253
2582 370
2947 2973
2349 1887
2487 1788
1097 1764
2312 1971
2689 903
3 2272
1352 2847
1374 2728
2180 2595
2821 165
609 331
2077 1916
2813 1472
693 620
681 851
407 2104
144 66
2565 408
238 644
2675 1023
1497 2456
2296 2861
73 631
879 1522
294 1241
2999 108
1583 2759
654 2965
674 2450
2914 1533
2825 1052
806 1672
378 1509
994 2367
1425 1722
1834 729
653 2255
371 1001
2190 613
1662 2706
2611 1794
2771 1472
903 1940
1989 716
1102 14
764 619
982 1702
2176 2642
1342 30
102 2920
1343 2789
986 473
564 2867
278 2243
681 1348
830 1180
2765 1256
2043 2462
1738 762
2144 231
1920 2557
1969 1499
973 401
29 567
968 746
865 2359
35 2508
138 334
2722 698
183 2661
258 2241
2006 343
163 1155
494 592
2405 1545
663 2484
247 369
2451 1546
455 1103
2737 1629
321 1938
1826 2723
450 933
1412 209
1037 698
65 2170
1337 1648
2432 2479
762 1347
2368 34
1703 1234
2547 1108
1736 2838
682 2017
2684 1724
2493 1179
2180 2810
2697 2926
1457 1632
1373 2587
2673 1214
2518 1191
2777 220
2362 1614
509 1679
328 2016
1650 1977
1261 2890
2575 2332
40 402
975 1309
2133 1392
1694 244
998 369
2739 2254
2045 1509
2909 469
955 1773
113 832
1343 2540
179 1501
2379 638
405 2806
66 1511
144 1260
2991 1920
2987 114
1892 1001
906 830
1687 2149
1978 1881
659 1350
452 117
134 2895
871 1120
29 2699
1731 2789
2314 62
1548 1725
2418 181
1638 311
815 1942
2142 909
1293 1483
1774 2271
2871 2185
2597 817
693 386
1699 2108
1004 2540
369 1129
1030 1941
1045 1462
685 1307
2809 2774
1418 1437
1801 1179
2157 2969
873 1923
1414 1289
340 1257
649 1660
497 2983
1993 855
1617 1558
2542 1264
2205 1826
793 2083
2415 780
2124 2569
2153 962
1116 2757
2267 1249
2703 1879
259 1112
2921 846
1362 1559
1916 2152
2826 1537
1119 381
2016 1314
3000 773
2369 1036
354 2425
2803 2941
1983 68
2105 2946
1604 491
718 191
2309 2288
821 200
879 2320
1335 231
1209 1566
178 1952
2018 938
2410 2128
241 1203
2741 410
1683 1505
417 2607
1805 2755
119 682
1949 1002
2773 1305
2624 941
2248 2192
757 1584
793 2453
264 881
1348 2748
2847 1189
76 2951
1120 712
914 1410
2590 2742
1747 1245
2734 2032
399 2848
2061 2993
2872 1819
2620 1778
642 1654
1454 2645
1797 1126
1313 1
1034 767
1886 1602
424 637
1203 2809
1609 1072
1883 451
1104 1646
1725 448
1553 768
155 2712
679 1641
592 1186
2582 623
843 904
1340 971
2819 1860
1037 1277
323 2432
1011 1452
814 1066
2721 1014
345 1949
2483 200
259 2198
1693 734
2438 618
2651 2108
134 1893
2591 1363
1164 2712
251 273
1779 1250
489 2835
844 1523
1895 2348
2946 2698
619 234
2050 49
2204 2259
478 2677
2487 729
2584 825
263 1665
2340 162
925 1775
1480 1691
796 2603
927 240
801 2181
1091 280
1505 1823
1361 2165
1016 311
458 664
1847 170
354 2163
355 204
497 1688
1260 988
2526 2134
1214 779
1890 446
1845 2802
1338 1623
39 1234
792 2224
282 1406
935 2007
2441 529
2996 2871
745 1611
2327 2051
16 1490
186 484
1010 1181
854 2834
1907 993
1506 2348
2363 1769
1919 1796
1599 2079
1874 1754
371 2090
571 1973
2833 1865
2894 433
1458 1457
2242 134
1652 2554
561 2671
1640 1121
139 772
148 1605
2031 1980
1440 1280
407 2161
2477 181
1217 2146
2113 2193
1255 2262
1649 1215
993 872
2505 1950
2632 2078
132 837
2429 946
1875 1450
98 2430
2734 925
2619 756
522 422
2053 1366
227 1434
647 2360
2014 56
1336 1984
2602 2282
609 2871
1438 2524
2424 1540
1292 1317
1581 1454
377 265
583 916
2282 1896
2030 1647
2468 85
1672 2100
459 2324
1669 1875
353 1725
917 2505
2155 259
550 928
252 734
76 224
2080 2488
2441 383
983 445
2991 1761
1045 2830
555 2413
2005 568
1287 2513
2308 1877
1596 1476
522 284
1497 79
370 2663
1138 2399
2391 2882
849 408
684 456
1899 2831
1895 602
2479 2356
398 34
1046 2441
1033 1911
1844 2212
2076 2628
1660 2474
2790 1704
219 1424
2919 327
759 753
94 2651
2104 1464
2449 503
2369 285
2998 2900
1860 2673
1777 388
1763 2861
860 710
1534 1294
37 1808
2554 220
2772 2884
2956 827
1411 2802
2806 1260
1019 2946
679 785
1862 1557
121 676
2264 2418
1510 1652
1080 123
2055 1161
2643 1837
265 2945
1871 2751
1461 1518
2653 1248
2792 863
2047 570
2396 2164
2173 2411
1603 2762
1721 626
1636 1872
2554 2248
2905 1504
856 1315
2357 2943
312 1144
2806 2183
2638 1285
1666 583
721 1084
2660 2050
547 45
1438 697
983 2477
2796 162
362 335
1141 1479
924 958
969 1906
2765 2839
930 184
73 2838
186 2672
358 779
664 861
2558 2876
1815 2648
1039 2812
2652 1464
954 2635
2263 2676
1053 1440
500 1500
1886 235
1330 2130
406 725
352 1219
2662 1067
1946 1642
1386 1753
2959 283
634 356
2468 1099
1610 449
2423 1500
1814 492
1995 1966
475 2924
316 2169
2183 443
1893 2237
1493 2487
2248 2143
2682 26
375 1103
2339 1735
379 370
1248 929
2183 427
1186 2310
1727 396
2139 2978
1957 1959
1037 528
1821 2430
1538 1293
1077 2854
243 834
483 763
1882 1202
189 444
542 2830
429 2790
289 169
1628 2803
2563 2154
227 2620
2897 2080
706 2084
1477 2398
1288 901
678 484
2750 1968
2674 2809
2311 494
1373 1715
2591 1923
999 467
447 2529
2843 2041
2145 505
437 1501
89 1820
2553 2771
2502 2456
2726 2235
2730 2791
2534 2182
2706 2333
38 1424
1386 1541
1611 1448
226 457
2985 1471
2700 2140
2100 1562
2557 313
1032 269
2995 1949
1994 1536
2311 2907
325 2593
629 1163
457 900
1206 1030
857 1823
1692 2367
2839 1720
2348 1079
924 1609
1508 753
1278 1804
669 2189
1844 2344
2083 2456
1705 2718
1639 2919
1127 1972
1494 2241
1945 1123
861 2708
1292 1880
70 2403
2261 1540
2897 2558
460 1887
2399 831
1997 419
2180 1766
2467 779
1640 2638
2802 2166
1548 1239
2839 1728
1828 859
1521 2963
1266 1945
330 2995
31 324
2388 2459
2928 1023
1988 2591
1824 2939
1354 305
2684 281
1062 663
1741 1524
1671 1681
1604 222
2794 2704
110 2754
34 1106
2030 324
1364 2717
1936 921
2449 881
633 349
381 2162
1234 2014
418 2741
754 2643
831 442
263 2983
2240 1670
2732 1573
2270 1812
520 1937
2402 814
2311 329
1159 1413
495 1647
364 2438
452 2876
1748 2288
2973 1690
462 1785
1127 932
1301 2556
2662 1905
1506 2400
2847 1011
2116 2660
988 2020
65 2487
2765 2184
2933 102
1800 72
1512 1030
788 1872
745 2828
154 882
138 2813
1040 1638
2250 1145
2400 2644
614 2016
2699 719
993 1861
2265 2701
2822 738
1136 201
1990 2733
1615 533
1279 2664
2704 272
1948 1561
386 46
395 2139
2467 1651
1750 1118
16 1918
1918 1848
1492 1653
878 2444
2073 2042
1098 431
699 14
2006 245
679 1559
2360 1135
1411 2797
1426 635
1406 1190
266 1377
342 2392
2267 1353
1936 1935
2952 2907
1804 1772
875 134
475 2293
851 1468
2151 1381
165 935
2630 543
2560 2988
522 1147
1128 2458
2011 2622
982 1404
988 1364
2385 497
2322 914
664 727
193 184
996 2284
142 2589
1239 1020
1688 2060
2107 1878
670 2079
2746 2229
695 2538
2983 459
937 1139
890 1986
2138 2581
589 58
587 1747
738 1854
1424 684
2391 591
1983 537
2093 2315
2615 2091
1886 1213
2492 760
1526 2051
1521 209
862 1562
2696 456
2457 2966
1539 572
1420 729
2211 2068
1464 1684
651 2606
2714 1023
1349 503
2455 2527
2550 408
2545 2416
1997 2247
1940 1242
1124 1267
1109 984
521 2796
1080 884
582 352
1623 938
2330 538
563 2845
2280 1327
309 1185
2039 1882
1402 2625
1814 2813
764 1307
1618 2597
688 1904
217 379
81 1995
2599 1098
53 81
1499 2026
83 2091
1165 1617
2210 2289
2347 497
1143 335
810 2728
2792 2858
1354 412
683 1903
2575 2252
1541 2608
652 2861
1421 2209
2682 1307
115 1393
1544 2732
1868 1159
484 1165
128 2743
1144 992
2340 2382
2814 1618
2766 1088
2316 412
321 2514
2754 1360
2224 2655
1348 301
498 883
2891 2200
543 2858
2205 602
2837 1695
427 2256
1661 823
2152 2328
1080 219
2716 1590
70 444
2974 2451
1164 766
1144 1019
683 922
1763 2617
410 695
1537 2631
387 1170
1471 168
2925 2511
1628 2116
43 139
2008 2625
2744 7
2199 572
1787 2640
1242 792
453 2773
1592 1016
2341 383
1350 2068
634 1937
1420 1377
1429 2480
52 216
2663 202
2134 1285
1319 586
2110 1319
751 138
747 238
2233 2543
417 2559
868 2174
2581 1876
2291 1772
1749 525
1180 1983
1404 1011
1078 1126
2281 554
1275 1490
2292 2247
2787 1158
2626 503
2148 2712
833 1765
1756 1050
702 721
2888 1061
421 2556
2845 166
2495 328
535 2291
2026 2363
2500 1733
2183 228
2916 284
683 2433
1051 2315
144 655
2289 1189
2248 2649
1265 586
704 1167
2103 210
546 1692
2984 2643
858 126
41 2965
1222 994
508 2016
1071 455
1046 1201
2859 2915
1611 1038
2295 1726
1603 300
2959 2585
2072 2258
193 557
1001 2287
2862 263
1730 2537
2241 2176
2450 2123
651 1542
1075 2080
2395 1356
2078 2692
2435 2892
2236 1958
2141 2133
287 787
1726 1848
1627 1139
710 2905
2807 778
128 533
1003 1338
1605 2837
520 906
831 2230
2827 294
87 1716
2322 2690
907 2208
112 143
476 325
553 2194
1553 978
1961 556
443 2513
252 1188
1929 1851
1705 2741
700 140
2143 148
239 826
1462 1076
53 2786
2041 1652
774 1336
1732 2387
1246 1846
1965 1306
735 710
2531 2111
2078 521
2868 1433
2049 2705
2654 2253
1684 842
1399 2508
377 1323
1203 2546
314 1209
1275 1033
2147 2029
2725 2083
1480 1761
2838 1779
1721 2
2125 1838
313 483
1228 1151
880 1969
1111 2229
1498 149
1171 1642
1286 1315
1952 557
1967 1794
1374 2497
2478 2984
2774 1637
2412 2143
2646 1744
2235 1840
1806 2039
758 524
455 2948
1050 41
2206 1741
1716 1987
2813 1972
2695 2811
1740 110
2513 2388
146 267
524 1472
1859 984
590 2011
1055 519
2450 440
360 1962
273 94
2490 2925
1840 1948
1283 1489
108 490
1350 958
332 1225
2901 266
2205 1471
1349 2574
1245 572
263 209
2420 500
589 529
2011 337
693 296
928 2576
293 386
2600 604
2303 1738
619 1683
209 1014
1802 1834
1404 657
2241 1752
2280 2442
1056 1951
2165 791
711 2443
2595 2390
2201 1143
2183 2915
1702 2253
1146 461
584 2702
1113 46
1638 664
1156 2696
1282 2726
528 548
582 526
953 1261
1757 2625
185 974
1063 1882
2397 1904
2351 1445
2105 911
287 976
1216 2569
149 1910
1491 1607
2098 2987
1322 62
2511 1231
1596 1498
421 1551
2541 2501
2149 643
2141 1203
1709 282
2371 2737
1166 1714
1899 996
2144 707
1697 2185
1497 40
2708 2869
1619 1618
640 1645
603 1591
195 2064
685 478
1857 55
2282 731
1759 292
2517 1105
905 470
2630 2853
1977 2768
1922 2474
1001 854
1949 415
1633 888
572 487
1500 12
125 1309
1973 1941
243 500
2467 1120
1325 1682
2563 2664
1185 924
2171 1001
2178 1349
320 1856
308 2905
1768 2765
235 688
2581 421
1916 2268
841 1681
877 1781
2990 124
1895 1158
392 2894
644 1689
1960 2600
945 325
95 2964
197 1206
1306 1428
940 1154
2072 494
2440 2603
2353 1320
2244 1047
2957 507
522 34
368 2823
1534 2572
1186 998
615 2208
1036 702
1801 2963
1257 865
1283 1087
2605 2126
1662 2077
548 1406
1474 875
849 627
2090 425
1386 133
1477 1604
657 2574
2848 1228
1420 1473
475 284
2146 1100
1268 894
1740 2950
1047 33
2876 299
2623 171
1939 2150
2501 253
443 1644
798 699
1194 733
2073 2440
795 2010
1265 1300
2364 2672
2030 148
486 2165
1632 672
2003 2976
1475 857
2254 764
1332 2104
1675 1029
2563 142
2100 2429
2005 744
2842 2643
2232 580
884 498
147 2388
2141 2754
2757 288
2480 1785
1311 453
1949 113
1057 1411
2754 2772
2952 806
2941 555
1694 1830
1052 1853
1128 557
599 1621
2251 779
2170 222
2242 198
958 906
2987 775
391 386
1212 2964
1215 2468
174 968
1889 46
288 1530
937 1953
744 288
75 1322
2938 1888
1029 60
2497 2898
2089 1627
456 1750
1557 1307
740 982
209 759
1611 2440
2172 1776
1521 2098
2214 2198
256 1676
97 1089
1622 1725
1703 129
2202 1604
2287 1189
1514 1956
1589 2442
880 2049
2667 1957
2157 2293
2089 663
1024 2356
868 2298
1252 2108
2658 1512
493 2308
2031 707
2970 774
2599 685
766 1302
1989 560
2273 2128
2816 1861
1310 1681
2227 1945
27 1581
609 696
202 1289
362 2631
1991 328
2557 2009
1131 2517
2659 2404
2939 330
5 2171
1372 2967
874 492
517 2954
168 2540
2003 1688
2893 2060
2568 527
1964 2866
1352 2645
491 303
1733 2549
804 2148
2768 693
577 2421
186 994
86 2636
113 2418
2921 1619
888 2589
604 2526
1064 2249
1608 948
853 1179
1610 612
822 1900
1165 1433
1976 224
2809 1921
435 1591
2087 1211
1239 51
2120 448
213 798
1195 2207
1183 2709
2173 1290
1588 2101
1031 2275
503 2394
192 496
1011 2372
1325 2649
987 1972
1548 2554
102 671
1405 252
1446 232
69 1029
1328 375
2115 308
493 257
1301 454
1626 880
2098 559
699 2845
122 1669
1053 689
838 1341
2984 848
1009 2
2810 1525
2849 2773
2074 2928
2373 2208
960 376
196 256
1882 1302
1925 315
1161 1087
1309 92
882 632
2183 931
1832 1910
1399 512
1033 1234
2598 2055
630 1121
1370 1774
2360 405
1939 2224
1316 915
2322 2049
2923 410
2032 2890
873 1305
1128 667
2612 1922
2428 1689
2750 262
1842 2161
766 1306
1132 1941
2441 1371
1206 2728
1857 2543
1336 2311
962 254
1675 1981
1113 852
1566 1772
1698 942
47 639
879 1795
2505 2111
419 202
716 1926
2407 1647
49 1948
988 2570
143 786
2835 1039
673 1714
2677 1624
2720 1024
2728 2426
690 49
2515 656
925 1449
2625 2831
2560 2690
1347 2676
683 1816
1338 426
1931 1048
81 2736
169 367
1930 927
1926 1816
1009 2984
697 1579
89 1822
452 1486
1721 274
2135 310
883 1743
247 2314
2132 2663
1461 2941
1458 600
1288 2665
759 772
146 1834
1550 2363
1848 2724
2292 854
1122 996
259 1745
2229 2628
1549 2529
2538 1090
1072 1843
115 1726
1289 1800
1934 2469
2718 205
37 2045
913 877
454 1087
231 1945
2896 2194
2738 527
898 2091
2775 702
1894 635
200 582
2832 263
912 1128
1936 1023
1583 1522
1044 1229
2280 1390
204 1744
1342 2879
326 1370
298 2290
1839 2578
2174 2800
460 2199
2371 2978
2047 2195
89 1317
1396 1289
1711 2234
41 1679
918 1504
2330 1783
586 1243
1836 2245
2674 2483
1697 2076
560 1300
26 155
1992 1608
825 1745
175 589
622 1614
2126 1846
867 1735
341 682
388 2297
913 475
912 2151
2645 270
2590 118
1921 2130
515 163
616 2144
2082 2394
1835 357
2418 768
672 1746
1996 1898
2636 2126
146 173
281 2972
1739 2761
1182 1863
2667 1604
1470 2649
218 402
1944 131
2540 2388
1430 1432
1317 1885
264 891
2435 2892
1555 1554
2844 2387
1340 2357
1527 1549
2945 6
580 775
836 1858
1038 618
1288 1434
2758 1281
1275 2390
925 2709
1882 2180
228 2400
2668 244
2359 944
1911 1451
1945 115
400 2157
2328 2089
1194 1206
1318 229
1371 918
95 1814
2926 1181
481 748
861 494
1834 19
2530 2557
1359 593
693 1394
2314 1257
642 1446
367 555
671 2303
2280 2941
1076 597
2063 961
578 1964
2099 164
731 2333
2548 2203
835 2742
2476 2212
2869 604
2175 990
1883 212
2042 787
1087 2710
135 1605
328 395
1521 2158
2830 2701
174 1425
969 679
2694 1641
1569 2778
680 624
209 2524
929 426
680 446
1961 633
2824 2619
1205 2676
461 1861
475 2216
2667 2779
1161 1968
1600 1816
244 416
911 1112
1399 1503
2897 328
1623 206
1245 1210
2755 142
2143 2129
1759 1750
1792 708
23 1680
1881 838
60 1297
1494 2131
592 640
425 513
451 715
2253 1082
1526 1804
1982 1481
2142 460
2411 892
2874 437
2230 2026
2696 2791
384 2693
1464 1603
1888 1692
1590 1486
2232 1900
524 1249
2569 1626
198 2745
593 909
1580 1728
351 514
1642 2562
130 867
174 1791
514 2347
977 882
2788 2958
14 1979
1062 838
1540 2059
1395 736
1720 171
2708 2905
275 273
405 2466
2664 526
576 2174
1462 693
2336 2491
727 1291
800 1490
1458 2202
2870 2498
2575 1081
2521 1299
882 1974
698 1561
2485 1054
1014 1838
1690 1854
1214 838
112 2506
685 396
669 927
2844 2157
2666 2725
2248 2986
391 14
2675 404
2158 2938
2349 198
2192 1171
1560 2059
1292 2195
566 2562
550 527
1948 639
2618 1553
570 519
2826 2438
1598 2314
2368 1730
1321 305
565 2854
1449 2789
546 1648
2986 2050
249 1555
2912 2498
1585 2276
1320 487
879 168
2704 2972
2297 217
2500 2090
2583 532
1293 1457
1486 1505
2725 1006
2178 897
414 1958
1782 1038
2587 2031
1189 878
2095 679
593 132
2025 2185
1973 1365
2294 2393
578 2020
1865 1475
2815 486
239 2261
1158 1580
1621 750
2343 1131
2213 2419
2748 2803
2471 339
1369 1669
1096 1397
2648 803
375 1393
701 2226
2040 2664
2116 2813
1294 1225
640 2318
1864 720
2338 2997
2225 2261
2226 2014
1931 686
2132 2872
507 1709
2200 2007
2214 2867
2557 982
1702 2883
1479 780
745 1082
1460 1730
2891 1785
1053 1474
19 244
2055 1361
137 2797
1979 2188
668 2329
643 649
683 2824
1782 879
1870 2668
1641 307
790 768
2244 1905
1888 1013
2438 1413
505 2737
162 1100
1287 1355
884 1287
103 1279
2586 1767
1590 2867
856 1040
598 1210
1800 289
898 1866
643 614
1071 1638
1773 1441
1911 1626
1285 1855
1351 1834
207 1517
1553 835
2880 2185
2002 705
911 1081
1761 1825
701 2831
600 2787
2328 801
2693 2095
2415 285
794 2711
333 330
1354 15
1054 2415
1548 2114
677 2907
2364 2671
2423 128
924 2428
1813 952
1674 105
430 2378
236 2109
1385 2330
1789 2063
431 1666
109 1636
1076 2630
2943 123
1293 1412
1869 99
54 1239
234 743
2553 1059
2462 2398
2523 1268
1833 1516
2937 1483
161 2405
1891 343
1620 2352
927 1020
2255 2958
2909 1770
829 114
704 923
1889 2185
333 238
1343 1547
1990 1900
2101 1045
2640 1902
461 574
1285 402
2687 479
632 1473
1942 133
377 2104
512 2331
1174 1865
658 1361
2290 107
2495 636
971 412
1204 1197
1937 653
1854 345
378 1285
1083 1082
432 2408
2076 1430
1984 2518
1813 940
924 1316
2754 2979
1328 197
2325 517
30 2439
2830 2160
2976 2286
291 2921
1705 14
1918 1426
1725 855
1904 1866
2958 2177
1169 2291
1227 1051
1905 2208
2688 2929
2383 2868
1653 1059
2120 445
472 1853
2240 183
715 61
1216 899
2835 974
2243 177
62 2618
1861 1756
697 542
542 790
226 1711
605 1105
942 1297
1015 524
876 638
368 2863
411 585
941 2417
2841 18
1371 1061
1301 2118
2781 2418
2156 2728
2896 2049
2426 1059
2150 2111
332 515
270 698
195 2005
486 2324
2208 2750
2001 160
1537 864
1062 359
2281 2228
722 1229
241 611
631 1254
1218 532
2516 1019
700 640
1760 2870
2556 796
640 2694
2686 2603
2219 1234
2341 2939
108 138
829 2620
2940 265
2665 579
468 1297
1905 2337
2217 268
38 802
1995 1865
1745 1048
992 1014
1891 188
2691 1300
1909 113
2813 863
749 2935
1298 1956
2133 1307
2996 1552
770 1076
1807 2165
1087 749
750 1743
1800 2808
1281 2733
1238 2521
2184 638
631 1623
2712 2536
2726 2737
1542 652
1586 1301
1998 661
1802 1254
410 1185
1455 2595
849 2446
2321 479
945 865
2341 567
812 2895
198 2089
350 570
208 2628
753 1438
296 1995
1687 1443
1915 1100
2536 652
354 898
1837 2815
916 372
1048 868
1892 2027
2233 1691
438 1522
2313 2786
157 2908
2489 1630
1423 2697
350 494
2994 423
319 898
2345 926
2701 2968
1379 1680
2842 1164
1226 1497
703 377
2255 2573
2737 162
1446 153
1375 2245
2460 753
2606 2503
326 271
2148 2936
2679 862
2786 2759
2330 1324
2361 1338
1273 304
1631 1857
1555 2469
916 1478
299 253
1530 1395
2787 159
949 2912
2585 358
2160 1861
2496 534
2317 1034
2258 744
2292 2727
2915 2948
2379 242
2222 475
2354 753
1948 598
2643 1790
1144 2531
2192 2924
1279 2811
2339 199
1699 2013
283 1486
406 437
1421 50
2324 2876
2149 2141
2774 1274
2956 1742
1790 555
381 2651
2197 873
1625 2808
1554 2453
1150 2916
2532 2762
100 1319
2136 2687
1611 297
1511 1781
2210 1738
535 2757
2513 1400
655 763
2768 836
1230 2762
1151 175
1078 914
1683 1354
2888 1733
2829 1553
2933 1916
1239 2960
2396 2767
343 255
1745 893
2365 114
799 731
2710 2809
2458 2508
1830 369
2707 2319
2228 639
2142 1668
352 490
1037 1290
1745 2572
2034 2271
186 431
654 915
2995 67
1948 153
2748 1300
2314 9
2432 1611
1419 2018
1747 1999
81 1913
834 2462
2078 2356
816 1887
462 435
2614 2976
1986 1537
2427 972
76 844
2081 507
2314 1342
1279 1282
2363 1097
806 2993
1911 1938
103 1152
240 1048
1869 2026
747 1355
1702 1736
2031 1353
1730 1219
1187 2769
2864 546
1533 255
2406 1307
1667 2352
2743 527
187 753
1151 1071
1276 752
2477 2362
1039 295
2736 2066
899 588
2587 1273
1267 682
1401 2333
1000 1489
1954 1925
1865 2154
944 2837
908 791
1685 1074
1945 2745
2896 936
2706 2961
843 1137
2872 2631
1743 1039
2844 2476
1964 2469
2232 429
1459 2469
39 2356
478 2942
1677 2597
2877 96
2477 1290
1994 1490
1839 1341
2622 2645
479 389
1635 897
1489 1715
872 31
598 2819
1490 2755
925 2330
2219 1370
2440 2123
1243 2109
1503 2547
66 2581
236 1513
1645 1840
750 2778
2073 2474
2140 2913
2127 2561
1285 761
2971 927
624 641
2348 394
1981 2044
1466 1416
62 1233
710 1130
1802 2710
2821 2576
1113 447
1954 2301
2931 383
2959 1154
2390 1393
2704 712
2806 2708
1864 156
106 1800
2569 2031
185 1363
2541 157
519 115
597 1559
949 445
2528 2868
2851 2627
1774 853
584 2399
877 933
1830 1902
2878 2201
308 2262
2735 1657
2697 141
1442 1934
2046 1873
960 2921
722 587
2425 2564
2549 1582
2627 1936
411 748
1761 988
273 2760
2765 2545
1633 990
2954 1859
2086 1834
368 1950
2688 1718
1731 2256
2333 768
2685 2258
2223 2150
2544 88
2694 601
469 2259
2770 49
2800 776
2402 1478
684 1297
1762 912
1643 510
2289 751
1811 158
428 1072
464 749
1035 2238
522 2479
2123 139
1949 1412
2575 2418
1895 1939
1535 1069
1011 2508
363 1323
1614 1457
1240 2867
516 349
864 933
942 1074
555 727
2988 1226
2847 2655
2619 1046
2875 1028
1635 1360
1157 2396
1877 852
2859 2328
2552 1752
396 847
1876 967
622 1813
2627 1474
2451 2716
1053 2731
2427 2130
1907 380
1269 1731
284 2892
398 966
2281 1540
2926 1378
2955 2795
894 1866
1784 2645
1380 1412
207 1076
2184 2111
2650 2042
551 1558
2194 2025
610 823
1707 2238
2549 415
762 1942
635 353
2402 2850
427 2354
514 987
365 1174
1122 2585
1693 2506
1574 1081
1155 971
161 1807
655 925
700 727
214 2970
584 914
2360 599
835 2448
269 329
1681 1783
166 2051
619 205
2371 2065
2774 2946
1252 2602
2568 893
887 2155
1501 1881
233 776
329 2611
2894 1494
2019 2484
1784 618
2277 1657
2071 753
2657 1790
2112 384
2861 95
1965 2895
1146 922
1590 1024
1670 1320
2258 237
2764 2820
621 691
130 1189
2851 2649
2935 1385
1870 223
768 136
2229 467
2361 80
2852 712
2765 2036
2369 1505
1230 188
1138 2365
2612 435
322 748
1396 2679
2609 1914
1462 250
1160 102
894 949
1179 843
1739 940
2021 1986
751 2134
2593 2614
285 1416
2143 2629
691 684
2622 2598
2258 1634
689 456
547 187
2926 1608
2218 773
1056 48
606 269
2637 1066
893 237
2128 1916
498 1849
1585 383
1434 1254
1946 1120
569 1473
1949 1914
2116 2045
1747 599
2503 296
1563 1845
2803 2932
2096 1134
426 900
969 2285
621 2138
1365 1162
1372 2590
1946 1130
2928 1170
2968 2870
675 676
1135 258
6 172
1466 612
883 2171
661 896
2770 2382
2627 1396
1317 1837
1323 626
905 298
1582 542
1595 608
80 2665
2095 843
1376 605
1206 2041
458 2292
113 1773
2498 1951
2461 492
2903 2715
1316 2105
2509 1904
1298 192
2539 103
221 679
2608 930
2630 1769
401 486
2565 1807
682 2874
70 656
324 2888
2287 1528
1188 658
2523 1029
2123 2173
1579 776
717 2419
2425 1490
1398 1122
343 2324
1711 2134
2282 902
2815 619
2998 69
327 1592
1602 1192
61 1451
1916 2907
1576 823
1711 1468
1255 216
2890 174
1528 1526
1144 2520
2512 1239
2117 1191
1712 1618
2580 981
555 2835
2860 2939
127 263
2277 519
2587 2330
2439 2320
2690 2880
2573 1689
2224 243
529 2828
695 1919
709 2867
2120 1769
1542 1025
2919 980
839 1977
2873 2129
31 2457
