3000 3000
1990 1307
1226 2468
1396 1256
24 2532
2485 2300
432 2575
1757 2710
1594 2754
258 2398
352 415
1274 2325
2494 2247
2014 2016
294 196
2862 309
639 2992
2278 1529
1593 1320
2394 1093
865 1993
2832 9
595 1775
1663 2733
1285 2622
199 746
1741 2345
1452 413
730 939
2759 2630
2419 2951
1890 184
1870 1361
2004 513
1650 1444
2297 623
241 1186
1516 1467
35 1669
2925 2985
1117 2470
2798 86
2778 1967
2302 1632
1609 1476
586 1573
1124 2187
1938 568
218 82
2638 2645
1837 1404
2911 2882
285 1546
1944 2986
1867 726
2178 2356
2778 1112
1822 451
1135 2847
698 550
1574 674
2103 369
1350 275
1716 1562
2390 1529
2052 2133
996 653
315 2063
678 247
1613 1063
2864 173
2936 1369
363 1838
1436 2468
1909 955
1077 1789
2316 2234
2256 1986
967 87
2269 747
2315 2444
1926 2348
2912 2640
965 1238
375 530
374 1174
711 2448
2067 1924
937 2974
781 794
2456 47
64 1395
1036 762
2248 2212
2262 1546
1906 1120
2774 203
208 1113
166 1138
401 343
2092 204
118 1331
2914 1707
2614 2945
1664 2900
2471 1690
6 2804
2248 1639
1042 2262
2875 1616
413 152
1196 1325
786 2978
1771 1659
1761 2067
2962 2285
1644 2648
2225 1483
296 1226
191 1725
1593 2610
2827 1456
104 325
1597 303
1452 40
1904 2833
1364 754
2460 1386
2152 2735
2765 1225
2644 2074
1118 388
2804 2159
334 1336
1776 1080
1911 1685
2508 4
173 1
1490 2075
65 704
1376 155
2046 2555
161 2873
1093 1411
1119 1691
2181 563
1997 1787
142 916
618 553
958 1616
543 2
1160 749
2116 93
1284 1864
977 2386
567 43
1023 867
1449 2316
1799 1097
845 428
654 2974
2211 622
1080 1285
983 2414
2617 894
631 59
705 2156
1595 2054
2369 857
2316 2079
604 2231
1665 1126
1270 113
2411 2575
713 1084
2157 2665
1311 1766
1070 28
2890 2286
2515 2235
2208 2748
2424 1159
1643 1983
2211 25
780 459
2985 2541
2753 1831
1322 1098
2981 888
1587 2492
1741 794
891 1711
2754 166
2884 2603
358 964
1278 2760
1896 592
2826 308
2685 2266
1106 2165
1849 2440
178 288
1091 1563
36 2003
2267 1659
2013 1890
1888 1006
319 2292
2683 2105
2434 2296
2555 2334
2417 855
2860 1337
2865 414
1659 1516
979 1710
5 1876
1787 1564
380 2736
1339 161
2403 2341
2552 1328
1450 701
1253 2128
623 1416
664 2967
2269 1162
846 2631
471 898
35 521
1894 618
1310 1311
764 1827
1487 2763
1135 2226
2041 1055
1226 2619
2869 1943
2832 738
1712 2339
635 578
2059 1059
2235 1864
934 1568
673 2748
436 410
1034 1125
1178 111
1488 2864
955 1829
269 2777
1043 1257
1394 2134
1373 64
2017 2325
2754 2347
2876 1806
2712 1822
2365 2834
2332 658
1077 2465
1602 794
2673 1426
2902 2033
2582 2493
2501 1979
2599 1048
1345 1057
2540 2407
342 1121
441 752
1586 1091
686 2338
2033 1055
2222 1061
458 1860
2192 2568
2058 1276
340 2815
2705 861
1136 954
1518 2521
2091 2073
2563 1653
1554 3000
1101 1596
2836 58
1545 2640
2260 2790
161 155
2007 1181
2390 475
110 2369
2763 1735
794 941
1568 2689
1683 1930
2233 386
2804 1539
1928 2113
798 1526
784 1464
308 1310
1077 2640
1747 960
2096 2451
191 2660
1138 673
2638 505
1691 1368
422 1767
2580 2837
688 1338
1782 2648
480 2821
2977 2868
2794 1661
668 1188
2773 2959
2561 1912
430 2293
9 1054
1419 1315
1053 726
333 1334
2102 2416
2967 2630
45 1998
17 410
591 2119
1703 817
840 2990
1902 1378
944 18
1908 2105
683 2514
2695 610
376 1542
409 337
2930 481
1750 1385
1375 1769
298 590
1006 845
740 1767
402 2030
652 2598
2086 2379
2464 64
1797 2592
1382 274
2547 1254
1158 2350
2764 864
195 260
1192 1341
2563 559
1409 2638
1635 800
1770 1613
424 2890
1203 2595
2731 102
1551 2538
25 1544
2056 1109
833 2688
741 558
403 428
1407 352
1688 2127
2854 555
316 998
1161 1695
391 797
2484 2651
2318 975
423 2743
2608 1905
863 2638
2249 1647
2153 1845
2615 1391
1403 1497
1099 296
1516 1502
2478 1564
912 1560
1023 2602
2084 2327
2475 2783
116 2233
2018 1655
2514 74
736 2359
622 103
1530 640
1803 2376
349 305
792 2526
1121 1975
2160 2327
1337 2377
670 2279
2969 367
452 891
1728 262
2406 1691
2880 780
1505 2457
2535 2831
764 1921
1767 1517
2299 307
2720 2098
495 972
2940 1245
979 1874
1038 1041
1669 452
903 1301
658 1684
1113 1655
2542 2292
656 287
36 700
723 1496
1196 1186
2521 373
482 708
1168 1749
2870 1526
14 1735
133 2145
2684 1261
2489 2650
2588 2297
1554 2495
809 2891
2383 2973
1173 761
2367 2522
2716 59
2295 1782
1436 1203
2514 1561
1719 2382
1986 1216
1895 2616
2892 643
1630 1699
290 2447
638 950
1623 832
2491 2327
1307 406
750 273
965 2440
1054 1396
521 2264
749 176
2071 2978
2543 250
2173 1697
2174 292
712 2373
2501 2325
1429 2217
1854 998
1819 166
2858 1838
569 2059
184 294
2850 2164
1919 1731
611 1453
2851 1682
2885 1177
1992 763
608 619
2076 28
1452 50
788 1373
759 907
2290 1638
1489 2321
1104 1253
2136 363
2164 2323
607 105
2385 525
764 2194
1722 924
2659 2378
993 2074
2183 1503
1188 1163
639 2006
626 2668
788 1091
2106 1444
218 1456
1995 1106
380 1437
2082 2650
1737 2103
597 38
58 2923
1738 2032
604 374
2064 332
2044 1650
2458 1123
143 1024
843 1279
1893 451
87 1180
2553 2115
1042 505
2608 2125
2975 479
2521 2522
2769 2467
1644 1744
756 1924
1566 1481
862 2700
2028 2630
2074 1467
734 1415
2769 2676
315 2323
1406 1214
2788 1903
1062 1876
1002 206
1785 51
2287 1944
1315 69
1462 2793
1597 659
913 650
2154 1452
339 1000
1944 925
2529 1055
2451 466
1884 488
2839 2217
1196 2853
2925 959
1779 2981
1567 2426
358 45
1736 1959
2491 696
1362 385
2877 1933
1362 1144
2589 2670
316 2755
231 457
2414 136
652 2919
611 2276
2008 2257
2054 799
1230 1888
2828 1644
154 2197
2489 979
1232 2617
2440 2536
1358 454
2119 2480
325 355
1620 1622
485 2861
991 55
2269 1598
2655 593
2221 16
2171 2862
2294 1764
2959 2719
2354 476
939 2217
716 119
2530 2238
1638 1553
953 2274
1749 708
2977 2108
325 2728
2896 141
721 653
320 2071
1110 620
2988 892
2195 2484
801 1138
909 1837
2918 129
2442 2677
1669 309
923 928
176 2642
2484 2078
1136 1458
941 109
1109 29
2804 2374
235 1124
2532 522
1781 530
2834 173
2905 1334
462 1692
12 693
954 1923
2330 521
2466 2806
2236 1719
975 716
707 556
1901 1501
2972 1386
545 2293
2210 1264
794 989
1212 705
1416 868
427 2813
1719 140
2096 1059
93 2385
1223 1533
1795 389
370 1167
479 740
2136 1000
2781 2605
2865 2296
2155 2510
217 1849
1416 1017
1590 936
1713 2040
2487 1929
504 1583
78 117
1070 2100
2528 1895
1853 278
2021 313
1745 1509
1920 2716
1677 2874
2905 1796
2766 2596
1460 643
1924 2830
2869 52
2262 617
1839 1429
1360 101
2230 1109
1359 935
1880 571
1815 2406
2455 1187
1115 970
1934 77
2662 1332
1074 361
1385 2639
158 2353
2832 2000
953 1009
1340 797
245 2866
1919 138
2618 1980
637 1420
1302 37
453 1096
2301 2270
1884 2605
2678 2519
1785 1845
18 530
2677 2250
437 1805
313 158
1178 1249
1156 2094
2979 1216
1349 2039
1754 1082
846 219
2609 1642
1554 2399
2302 1542
995 2642
2687 840
418 246
1421 937
2266 2441
2550 1573
1504 1771
208 1071
1660 555
2324 1825
2982 1708
2498 1818
2681 1594
1111 287
1185 2800
912 2631
2453 985
2104 2641
1810 1324
783 2662
1977 1871
210 1871
583 194
2073 610
288 2639
534 908
2252 426
566 2761
1207 790
2771 1291
1020 2867
966 1423
2935 2663
1765 1275
350 1939
111 2023
156 2727
2855 166
460 528
2021 2133
584 2781
2346 1475
396 1144
985 2613
598 2784
1466 1478
547 2538
847 2237
452 723
792 448
834 583
2376 1536
1315 827
1452 762
372 429
719 466
1081 1775
469 2757
2411 403
2006 352
2549 1776
2470 1458
1938 393
2286 2271
2098 1397
2605 2143
1587 2372
2157 665
733 2386
2388 790
763 1993
1145 1426
1020 297
337 896
2091 2036
2713 2111
88 1681
890 204
524 1080
382 2092
2585 2806
1426 1084
2377 1896
241 760
759 264
2467 1068
65 3
896 79
816 601
950 1815
1799 2924
628 531
1854 237
676 2651
1489 2458
1731 2585
1798 2023
1520 1349
1324 1866
2728 2663
840 170
433 1088
1255 2301
2310 1050
2813 30
114 1776
298 1376
2632 2427
2191 1640
1015 212
2141 485
1612 2634
2141 191
2115 2749
1982 1425
1620 149
180 1676
160 1199
1520 113
19 2918
1453 566
667 1128
979 2535
2508 1901
2695 2935
1627 1788
2908 1752
1600 882
2218 2474
2598 2658
43 1861
2915 120
2691 1708
2235 2076
1213 1702
1954 2126
2612 1013
427 455
279 1649
200 2745
1179 1640
1118 1221
2593 38
2628 1227
628 1974
2674 2007
237 629
879 2138
715 1324
988 1541
2329 256
1231 1770
333 2838
12 1915
1192 2587
369 2254
2632 2523
765 412
2245 1148
560 1922
259 113
2808 2521
1471 2393
1516 1098
2053 1766
27 999
1902 1851
206 1276
471 2447
1205 2487
1233 1739
944 2598
2742 48
2544 1967
2691 909
517 1616
2104 912
2489 1755
302 2142
2309 1571
2293 1426
2143 2972
2639 1719
2041 2471
689 2561
2550 2165
1949 1957
2974 18
1459 2971
998 2211
1048 1856
2527 1825
474 1200
1193 2512
2593 2531
294 1184
2591 2486
902 870
873 2074
129 1478
456 608
2654 1992
2011 1468
419 2930
2941 1171
1515 539
2123 2895
2601 2368
730 1760
265 2508
1837 2496
1647 1900
780 2681
2397 1467
451 474
2148 2764
1141 2793
934 2619
2902 2350
621 238
427 1695
278 2204
615 298
2169 1862
1275 2787
2171 2804
1070 623
265 2404
381 2560
799 1270
1824 2465
196 1656
1041 826
1055 1833
2930 60
1608 816
547 1745
1560 2738
1291 285
569 166
1464 2601
2210 148
2382 1418
2226 2381
2764 2554
2388 1149
2259 112
313 2847
707 673
1164 2471
883 412
507 2721
1977 219
2231 1660
179 981
962 1592
2419 8
1299 2306
2791 332
1413 446
76 2065
2858 264
2235 2423
2285 312
1150 2196
2447 1141
1438 759
1918 130
295 307
849 3000
61 396
1582 561
2037 235
28 1613
1779 125
2581 60
2938 1657
1738 2052
2509 2945
2949 449
898 785
2276 601
2005 560
2205 1640
1722 2016
1182 105
5 619
2089 2264
1007 517
13 1183
1605 344
213 2828
331 2005
1343 1131
2710 2634
2334 312
1199 990
2661 2763
3000 405
2200 2370
844 2011
71 929
1838 2379
324 2051
687 1082
2116 1501
33 1823
2733 2044
2153 2344
195 2101
1435 1874
830 1336
1189 948
2339 2755
1826 667
2649 2188
2389 1341
827 2114
2375 1145
2916 2204
977 2262
1572 2402
2456 26
1744 2085
1228 1916
647 666
2463 494
1836 2521
1591 894
391 1217
437 1186
2598 334
123 781
2487 1944
2751 961
2589 687
1582 2601
255 405
2700 1029
1292 1521
2706 2474
531 1883
609 2722
1608 2367
1853 768
1350 1322
2043 2110
1624 476
2873 1406
2607 674
966 2281
1584 2824
436 2663
1660 284
1865 1956
93 2632
2153 839
1098 1902
1895 1851
1679 1779
2520 1237
155 2133
2071 664
190 2168
2676 573
2122 2812
33 2851
2731 406
1598 1806
1955 572
1054 966
2997 1709
181 908
2516 2269
2220 2782
423 1142
2481 1047
2813 660
1531 492
2086 2437
1946 2626
1572 182
2560 2299
670 1692
904 603
1287 854
2005 23
2388 2906
1245 1943
2034 1968
133 1939
94 895
1632 1957
2178 2758
555 2343
2549 1296
1914 88
1003 256
2690 1320
1241 321
1811 1350
2178 831
478 332
191 228
2280 2610
1754 478
2265 429
1835 1490
1821 388
826 1808
1656 1489
1977 1055
1561 239
91 2288
2482 629
1362 1659
795 2171
1402 862
212 2702
583 261
2929 1682
1999 1649
2262 2913
2402 1353
2411 2655
634 2660
674 1638
434 184
309 696
1057 1543
109 1189
2832 688
1006 1706
758 1360
192 1164
1690 2132
1762 443
2964 650
2029 658
1354 595
2902 886
2817 853
585 2010
236 637
1559 471
1871 1334
2131 2335
1333 1041
2627 1974
2176 2129
2130 2974
1226 2357
359 2410
1753 2145
19 2440
680 1237
93 1218
343 2236
1994 201
2550 2278
791 513
1111 857
1209 854
2973 2410
2619 191
111 1385
1333 1264
110 2907
256 1667
2835 2783
1178 2451
986 2597
2267 2525
1109 665
641 1245
1508 1061
1114 1827
1685 2072
2462 1714
281 1566
1583 1373
402 2351
1248 2087
2866 2895
923 2725
2020 2588
2464 2291
652 2140
2079 954
222 1822
1534 240
2580 2930
1947 800
2817 1843
1504 2247
1117 1706
2125 1396
2383 1032
1402 1149
1605 1345
438 2325
1819 2288
213 2229
2429 2423
1674 2873
69 2617
1585 1307
2857 325
104 2259
49 50
1082 2556
1375 1455
2536 2028
611 607
1517 614
940 2358
1294 2341
2638 1506
2709 1184
1170 871
2942 1155
368 2423
1202 2021
2359 530
965 426
73 2560
1306 1233
598 2154
2095 1963
2931 1877
2197 2707
1917 1598
1402 2604
612 474
2427 334
598 1436
249 38
1102 999
2525 2943
658 1284
640 40
429 1072
232 686
2296 1736
1166 2244
2980 578
2378 1507
893 2638
6 1980
7 1161
257 2826
2168 2043
2043 1558
1659 669
1106 1361
2975 42
1036 2895
2317 1854
25 2156
2464 2717
266 577
2886 1265
2022 293
1321 1689
1867 1172
2240 2559
2530 1965
1059 2088
1970 736
1940 2966
2826 2621
2666 2885
2691 1316
1836 1336
2824 1848
2552 1827
2689 1270
198 1776
2975 1769
2076 559
160 1443
2796 1911
2274 1900
1684 2532
306 288
249 1360
2244 1232
2013 337
334 2747
2198 137
2178 1402
2716 25
1138 2257
1022 227
2191 1749
522 1619
2721 2766
625 152
128 987
661 1212
2135 947
1576 641
2597 83
2830 2542
2101 2113
17 1530
860 1083
264 72
2621 2699
1089 1099
2223 2972
1832 648
1019 80
1752 1322
104 2693
1542 275
2489 842
2982 1446
1802 912
1205 173
1568 2793
629 117
1650 2449
291 1309
969 1404
1412 1406
1192 2110
1479 601
1776 2116
1831 809
81 2651
1021 816
1773 134
291 1835
1280 294
1624 1019
623 2294
1742 2067
616 1254
1288 2333
1178 91
1837 2250
2744 1158
1640 1117
2733 725
707 872
474 1628
2730 249
1646 787
2930 10
479 2248
994 970
630 155
1482 1294
1974 2599
1927 2741
1829 2794
1134 354
2778 415
1794 1075
1897 1972
1969 525
1677 2176
2901 418
129 152
1057 204
1550 2146
2075 636
1910 924
840 2839
676 1107
1670 2884
1436 2454
2421 438
125 44
2763 820
933 175
2912 207
2156 1857
1054 2549
1805 2468
1943 1031
1215 2269
2132 2299
2543 2383
426 1381
1800 1958
229 226
1466 1583
1060 492
1525 2916
1433 318
768 2452
2495 2616
1379 1852
954 2015
530 2615
57 669
144 697
567 2490
1753 2945
2155 2561
2118 1789
860 214
2439 2939
2830 2787
879 2444
2423 230
2156 2370
1949 1435
2791 666
2945 528
2225 2135
328 916
2293 2351
1718 148
289 1308
2758 1088
484 532
2581 875
91 1306
1052 1153
2311 316
1223 2731
806 773
2317 1992
1001 1143
399 2438
1429 1992
2125 2739
2924 2486
2960 1954
955 628
1471 511
674 993
1849 1751
202 880
1829 2874
1043 458
126 1430
2644 944
1241 1045
2872 70
264 420
1133 453
2374 579
307 2707
1191 2512
1907 2447
1395 211
1658 509
1161 1143
1056 1326
1412 2320
311 2406
2323 2014
806 197
848 1230
1724 968
2740 1807
81 2628
639 1929
1036 1124
1913 2726
1775 2634
926 2897
2670 259
333 738
1315 1817
907 2502
2031 2949
1834 2582
1083 2501
1268 2167
2470 1200
2845 1960
2069 1215
2578 924
367 1806
1942 1922
561 1098
2872 1726
1356 75
1873 2564
655 1637
2796 1601
2216 299
342 914
1870 1297
1991 2931
941 264
1995 471
1286 2985
540 2369
1966 1883
827 339
2533 1259
438 157
902 984
114 2351
1849 189
340 1214
2126 2022
227 504
1563 625
514 1317
1268 2157
966 77
552 2081
2713 1013
1832 2864
1682 1832
1246 885
1487 3000
887 798
249 280
1648 311
1743 2231
1790 1471
782 6
1158 606
2737 2138
1400 877
7 2565
1318 1141
1481 626
717 406
1938 1161
1098 1244
2550 2311
1533 623
2540 443
1304 1132
1644 2213
2539 1807
2248 2124
2589 676
2667 1705
348 285
1133 2461
2154 2532
1958 650
2317 2056
1608 1843
189 2009
1800 1282
2921 2055
2386 2996
539 450
178 903
2912 2344
1426 2052
2592 2910
2953 464
302 766
2535 1576
2995 2189
2564 808
2800 615
2640 593
2337 249
2415 2982
742 1725
725 447
1066 1697
1055 2850
1789 348
2429 1257
1176 2864
571 1979
146 64
148 180
220 1340
1965 225
2794 595
1279 148
1671 1097
894 1092
1363 431
444 628
1600 1813
505 992
697 848
2146 524
1972 1693
970 434
1419 330
1395 2899
2140 1322
2086 957
2345 2777
784 477
949 358
2280 494
849 1368
2998 1233
2679 1457
312 2768
1556 151
559 422
2915 1578
71 1931
265 437
1029 704
1102 521
340 2509
637 2804
2142 1769
219 1680
989 1210
428 592
1611 1452
2478 455
55 1450
1889 2693
1249 733
408 1396
1059 72
1670 335
399 349
2231 1573
1518 2364
2607 158
2530 1296
1093 54
1625 922
1340 2286
2080 2141
669 185
463 26
2363 2768
946 792
822 2396
612 906
1070 528
1888 1402
2478 485
484 2673
1432 2696
429 2758
131 2609
716 94
2727 747
969 1263
19 904
814 1185
696 1675
1980 314
1232 1579
295 876
2891 2826
2447 1253
1176 270
1733 1708
2318 1871
2037 2103
1715 2598
2396 2262
1024 398
777 846
399 1499
380 1008
1442 1471
2481 2922
1915 1584
65 1824
737 983
227 80
1399 1353
2622 2453
2152 676
1338 1734
944 1018
305 2602
1187 1378
223 1607
2313 2333
3 2595
2363 2266
1318 701
2529 941
943 867
2116 2639
981 1004
2732 1834
2132 1517
534 1817
532 515
367 1609
103 299
280 2436
2171 2042
1230 1475
1563 2734
2135 1466
1488 232
1221 17
493 2937
644 2064
1857 1773
805 1910
1696 2287
1687 592
1758 1520
478 1589
900 819
1967 2058
141 839
793 974
1700 2585
563 2270
730 736
330 2341
265 401
1138 2546
2809 2531
430 2798
1324 1558
600 205
2535 2816
2536 870
782 2626
2892 2291
1377 2361
256 1370
2113 1226
1445 1305
2444 2244
1725 2667
190 151
2703 1362
2904 691
2256 2879
349 111
2870 2689
906 809
1789 204
2257 230
2872 1908
1317 717
918 935
882 128
1794 2997
1109 498
624 637
2069 1880
2755 42
1155 157
2556 2011
1736 264
2653 1655
2020 84
87 1492
1475 2711
1291 783
1389 1137
1889 840
1199 2941
1705 870
739 2306
1296 1894
586 2767
993 981
1977 160
1311 2057
1124 506
12 1670
2805 2424
580 989
2671 48
2294 513
1413 287
172 2761
901 167
607 292
1208 2935
1185 746
1911 1337
517 192
1641 857
2562 2806
2183 2304
2341 1663
1924 2024
444 359
2565 392
2502 2582
1389 2557
434 1419
608 2712
1910 2079
580 901
2824 1302
2482 1701
1787 2236
2401 625
1185 635
2477 1907
754 230
38 2064
168 1093
1898 1851
2705 1577
352 1586
274 90
1314 2100
180 2194
2350 293
1727 762
379 783
2604 547
2070 119
2026 1276
1901 1512
2529 784
2550 1572
2505 1717
2464 721
957 1081
534 1476
2295 780
1912 968
2206 627
2144 179
1073 1789
377 876
2642 1208
1516 1309
2690 830
177 2670
559 1019
2096 723
751 2025
1620 1352
2615 808
1431 947
593 509
587 1403
2693 985
2812 2887
2887 839
353 2778
1036 612
2292 2916
1313 2194
1285 1760
1375 2591
1960 282
2012 2991
1144 1903
2003 388
1809 229
684 367
113 2415
1011 2238
2728 2671
2119 578
2421 924
2147 2783
1992 2551
1543 1491
1640 2291
2535 2299
2904 1874
980 471
1683 831
1228 730
1499 2807
277 612
1791 2761
28 2822
58 1224
2378 1628
1613 2189
1249 2704
1357 1064
147 2856
1398 2546
1945 528
2859 32
2645 639
1910 108
2717 471
2534 49
1002 2396
1255 2154
2392 200
2622 2816
1642 2514
826 2165
2460 2013
679 2382
2015 2704
1594 236
2564 1265
2760 1147
306 2366
2387 2150
2691 2364
1334 2025
1021 2484
1101 2798
2341 425
2271 89
2021 2577
1397 2230
2996 2297
2238 163
1986 2466
483 2687
432 2589
2100 2624
2382 1002
2833 717
1403 428
2241 2367
1078 2213
2447 1829
522 1776
2531 1692
2646 468
991 1684
2744 1065
2845 1805
1755 975
2821 260
2588 292
533 247
2136 153
819 1577
2459 1453
144 2037
1137 831
1619 2088
2890 2229
2255 428
462 1451
111 890
656 955
2459 1279
2500 31
378 818
762 1360
2373 832
979 728
636 440
1565 16
2575 299
554 1022
80 2706
129 1284
1004 1421
1598 1427
1429 103
1620 2765
2814 1757
1163 548
1762 145
2300 2436
2742 804
473 119
181 1498
796 1520
558 1687
165 2051
1998 1041
1088 2468
700 567
1825 2998
1833 729
2956 2001
1308 640
2520 2629
780 2984
154 1084
616 1358
1044 731
264 2035
1575 2494
744 224
1958 1015
2868 941
723 1960
1367 2097
2966 2866
520 2044
2460 1815
2424 167
1746 1771
198 47
709 2336
697 1062
344 935
2889 201
961 465
794 1767
260 2702
1664 1073
300 1119
485 184
282 7
547 224
1683 2281
2769 2498
2360 1697
442 1989
834 1633
1463 1723
1288 1600
1626 1879
2061 942
476 244
1570 1129
303 2560
374 2078
1816 1481
2322 1037
42 914
2652 1306
1896 2362
3 232
1734 2235
2189 2979
120 921
892 2020
1137 1834
990 2258
2649 665
2480 2580
2525 725
2800 2025
1571 1975
2984 1396
2283 1494
1604 2227
683 361
2586 310
1690 1859
2280 259
1319 565
1865 2258
2555 535
1707 1586
84 292
2174 341
2135 57
623 1538
2212 815
1068 588
1439 2140
2371 2112
663 1086
519 833
1058 2167
2778 2273
988 2072
2631 1007
2463 1853
2534 2727
1725 1340
646 2544
1378 1149
443 267
370 523
657 1796
1451 390
214 2106
1782 1546
2086 1400
2739 2581
1198 51
2378 2310
673 469
2474 2093
2144 1091
2766 701
2661 1133
1740 1049
1560 744
745 286
348 483
2953 2068
2410 491
2030 898
1592 1094
483 572
324 822
900 1368
1931 1054
862 182
2474 1295
776 2819
1249 625
1940 2284
1205 1071
1685 1634
1680 1624
36 2533
2687 1568
2197 816
3 53
2012 1113
181 2528
748 1156
1895 1967
982 1282
2580 1522
1725 2274
1823 2726
1481 655
744 2026
1937 507
2369 2203
2775 677
2924 2230
614 1525
2477 2546
1723 1437
1030 368
1197 1275
2668 2885
2015 1097
1666 254
2381 2056
2532 2199
2026 260
2054 2139
743 2698
1493 880
2986 2736
1654 747
717 1952
2985 1871
477 1729
519 2505
1662 2257
2411 857
2629 622
2968 347
99 1265
2560 333
2439 2067
2132 2827
1727 1259
2839 1099
2103 1555
1485 2875
256 2998
2136 1485
2288 1676
1133 2537
1559 1367
2353 2955
2036 461
554 2402
2942 1130
2797 2701
1231 1497
1473 570
1831 2274
1913 2996
755 2625
597 891
481 649
1237 1819
1607 1115
2307 197
1603 1013
398 2901
512 701
1760 313
2807 1656
871 312
1706 918
672 914
2469 1842
551 2748
1723 471
2216 2490
837 1530
442 170
1699 1279
1342 312
1250 2484
1473 1758
2887 1109
2284 2712
2181 2793
1479 105
391 1911
282 1593
1 537
767 955
369 1440
1669 900
873 379
2273 1759
1754 375
1677 2847
574 1631
2522 2423
1141 1300
122 2721
199 949
433 1169
184 375
2312 1600
2018 628
2279 572
2819 432
768 1844
1429 2497
1964 1481
1769 2712
114 2005
142 39
1180 142
2626 1067
2388 952
1930 750
1361 814
1280 893
469 2763
687 416
2895 284
1210 847
2769 135
1176 841
2816 2177
124 2260
562 1732
2787 2846
1010 1140
1073 2665
1158 1525
1653 56
1578 1709
2213 2288
1325 1173
149 2460
2177 270
1608 2259
2564 691
1467 2017
2039 2449
1020 1789
1694 2265
1618 1082
2013 479
1763 1257
26 1664
2179 2831
1454 808
2732 2100
1898 2626
902 968
445 61
780 2951
2800 1973
2091 2224
9 819
401 2864
1051 492
1379 1404
1192 628
1137 2686
5 2163
2285 1916
796 2386
1648 638
853 1678
1701 1234
1131 2854
2504 825
1631 2283
2273 2608
489 1173
1382 2907
1401 1422
808 358
1848 321
1141 2401
1234 2221
2177 2241
74 1347
2327 2732
940 746
1804 1737
2836 632
133 1180
1996 1457
639 2344
1062 257
1942 1443
138 2580
1117 2070
12 1955
1628 493
185 49
1684 899
2095 1318
972 1148
1670 823
1669 874
349 2536
2604 2360
556 925
2185 2568
979 2171
738 1904
2579 2834
1881 2228
1721 1633
2047 1224
2536 2658
2373 206
1610 1030
2940 329
2776 1896
1732 2592
1975 83
1329 1714
2699 504
2549 342
2233 1418
2431 2425
1481 1519
2716 1881
377 1078
2534 2170
1352 1499
255 934
1317 1506
1491 2845
643 1008
1452 1658
2021 557
2739 2052
2384 561
2430 2856
1577 2560
2011 1792
158 2891
240 1861
1495 1616
2416 986
930 71
943 763
243 1514
607 265
1599 2271
686 2942
2135 2792
2128 1637
2129 2435
2445 2440
665 98
1792 2715
777 43
2402 758
1977 1248
979 1682
2007 2118
821 141
1313 2588
1705 55
2421 887
2339 1814
199 2938
1171 2370
2021 1999
2599 1125
2526 2152
592 2169
2249 1446
370 510
762 1520
1579 1976
2642 2141
1295 2409
2451 2859
1851 246
1105 1282
169 1079
1058 904
588 738
1766 871
389 1323
2741 1042
823 2706
2055 420
2020 726
2127 2531
2663 1037
1567 694
1381 2842
1787 1748
908 2003
2891 237
1994 2092
884 2076
575 753
1007 37
2624 2722
36 1870
1668 2102
1162 1903
395 2124
400 2547
1634 2945
110 123
2231 951
1910 2756
1287 2397
683 549
294 885
2344 1303
887 2628
717 693
2323 2698
1699 1311
1750 302
1907 792
876 1524
12 2215
283 1493
1012 2072
1439 626
592 1061
2480 1495
1196 244
1359 2395
2525 1974
300 2976
2800 1065
2514 1677
1363 887
506 464
2821 170
934 1179
2149 289
2204 829
1310 2082
1337 347
246 881
651 1826
644 2042
2442 848
1239 1349
2090 2960
931 604
1183 1881
1969 1134
750 2784
2425 1746
2374 1157
661 994
1619 2329
2730 473
328 1326
1860 919
146 1901
829 2265
2490 1878
1082 1436
1868 2020
2547 219
1999 2469
382 1659
804 598
1377 340
1110 1769
2903 827
2134 1962
1487 1132
790 1793
110 2241
112 489
2784 2076
1343 957
2386 292
1173 905
1326 2395
2972 1903
2815 1806
489 726
2837 1048
2419 955
2766 2463
1047 2131
2881 1463
316 1221
1810 2468
1411 2115
902 97
1663 33
2689 2655
391 2556
2969 1940
1193 59
234 1398
237 2753
1997 1733
1472 1011
1234 1519
2177 423
608 1199
706 2351
1272 2556
852 1303
1133 249
1878 1728
2195 595
461 2650
832 2644
1079 1358
2796 719
21 1444
1780 1947
2553 904
781 1908
2034 1521
1033 805
1312 397
924 2804
716 2599
536 1012
1934 362
1497 1925
1185 2759
471 2630
1892 2105
1052 277
1719 554
789 445
425 2461
363 2183
2327 1818
2897 772
915 333
2243 1916
2484 1294
422 735
2125 1130
2040 267
1098 504
420 830
1389 1266
727 1180
2601 460
395 2092
154 1074
347 1310
2754 2677
1902 1055
2031 2197
2044 1746
1652 1960
1077 1235
2320 2266
1896 141
1217 2510
1361 122
2432 2969
27 2536
40 2767
919 825
2922 2552
902 131
1017 1043
242 1434
419 107
1789 1305
1623 1780
727 2836
1289 2529
2667 2627
2917 944
486 737
1042 2587
1123 1706
769 148
1327 806
2911 2048
389 1297
1769 1089
609 1675
589 452
2685 2060
1531 2622
731 1852
2535 1117
803 1401
1213 824
1237 951
2466 1827
2839 1029
2168 1606
145 2081
2921 1074
1294 484
306 1967
51 1657
1647 1543
1475 1409
38 1004
2707 2993
433 764
1424 918
492 1149
293 139
2006 1286
508 1290
2277 2291
2858 2355
2827 647
1340 284
2808 862
1617 631
179 2200
56 1454
248 168
2663 1734
2728 2377
902 1098
2260 1677
2417 688
1639 1046
1884 2966
1715 2502
2605 1683
1825 18
1620 728
2053 2969
2230 1336
2391 2260
1859 2841
2413 2703
1266 2396
2092 2238
322 2953
1804 2404
281 489
1890 1395
2316 1943
2656 606
1711 1678
732 1611
963 2972
2183 1266
1888 2297
905 1755
854 1435
2845 193
992 330
2860 473
2155 1177
1230 2131
2016 799
622 1733
2660 2579
622 2956
570 2602
2261 2502
168 1382
590 2747
2310 1273
1958 1624
2488 2331
539 248
1197 2624
452 1530
1521 2527
1661 1875
2627 1224
2611 1105
323 2663
393 1486
2223 1880
636 1726
1212 1655
2092 2337
1467 1615
1885 541
2427 1894
1644 966
263 1432
2 2003
2222 615
1709 228
2478 1672
218 2035
49 407
2404 2654
974 1176
2956 2777
2833 136
2074 1350
2172 1895
2271 1601
864 322
154 388
2416 1347
2855 1419
683 1808
182 667
2541 772
876 482
2256 216
2197 1751
2318 1202
824 2126
622 305
167 535
1313 1504
1311 2768
2762 82
256 858
2294 2638
1086 1477
422 2016
1199 2293
2163 2777
1923 2276
2592 1311
2161 2376
1329 2953
2491 1367
94 2002
1784 1592
12 1810
2562 1963
2535 1108
2962 2929
2917 926
2864 2807
695 1772
132 788
2251 2855
330 64
2672 1894
2402 1399
1273 372
2244 2409
388 2722
1922 787
708 240
2424 1691
2515 1839
254 2905
2116 2014
496 1969
1891 410
1597 1403
287 731
491 2029
1146 28
2647 2545
2834 1208
994 2931
1997 2026
1423 415
799 2842
2311 3
2918 2540
2051 934
1270 194
268 2607
610 1506
2277 225
1358 595
136 2678
2323 2293
2381 1797
1224 2512
1644 1783
660 380
442 2552
242 1873
1942 1479
2963 2250
1365 1218
1851 1489
1916 1602
2512 2444
2134 2041
2948 2784
990 333
820 1258
465 2473
2478 2066
2470 1679
2521 2807
664 2927
2008 1831
2180 535
525 1239
2619 1574
1551 1584
2702 2271
2297 2727
1613 2135
959 239
120 2116
1212 2622
647 1638
325 345
172 526
1955 1943
1299 1302
1060 1701
1687 2500
447 2703
443 2759
1606 2762
1075 2911
224 648
2814 2158
2478 1823
1537 2306
727 2047
1137 1863
154 2975
2847 2573
1970 2663
2611 1457
160 162
1781 203
594 1249
813 1352
788 1857
1971 104
390 1766
1219 1425
2298 442
82 1785
2734 305
392 828
1221 341
1777 1150
2926 2887
2156 126
2033 988
2689 2652
1413 1401
399 1573
1441 2394
2095 2593
155 1102
1532 2541
2643 1427
2105 650
2025 2694
2709 402
357 560
150 2440
759 1397
807 1483
1825 2368
2983 1990
1259 151
1564 2789
2832 1800
2774 2962
1546 2568
2403 1947
393 2645
1581 26
2189 2530
1777 1031
1598 616
2647 2483
2837 1977
2889 1350
1253 588
866 381
279 449
2581 1705
1141 1013
2030 2980
1970 64
2743 2185
1351 277
2441 2521
229 1864
1756 2082
1053 2585
245 1204
2687 353
2235 2993
897 1052
1053 296
2383 2923
197 2818
1906 2492
2157 583
2153 1996
1413 1761
2410 876
773 1816
80 901
2248 1905
459 275
803 232
2025 2729
2794 146
2250 1884
607 2965
1262 1579
375 2681
2850 1693
2804 1119
2396 2248
1822 202
895 1159
32 1528
1652 14
2766 609
1046 990
236 1697
2278 2562
1176 373
2143 561
1393 2398
1609 1546
1308 1657
1429 1418
2887 1859
2769 2936
1449 1150
2694 1546
660 950
942 2288
2681 1396
2098 2543
1480 860
1954 2640
506 1860
541 1040
2336 1380
590 2136
117 2775
912 2865
294 2089
2388 2486
177 1270
1144 2398
492 207
1565 1896
1873 2617
1779 961
924 2078
2491 2277
1388 767
1645 1783
1892 260
1873 1490
1343 781
2985 1857
1814 2914
1450 2620
2783 888
1650 60
437 2908
998 2711
154 2453
483 1790
530 2457
465 1772
1105 212
1697 964
1357 1493
1086 874
2439 2244
918 958
1016 168
2791 2096
679 2073
1587 2166
2236 2385
12 1976
2168 2358
2557 15
2064 1505
2894 2114
46 1689
1255 1203
1888 2953
2308 977
1533 254
2559 463
1913 1497
1137 2276
1116 459
550 537
966 2490
1886 405
771 1738
