3000 5000
636 2717
798 414
2571 1186
467 2421
2151 2368
2251 157
2353 2953
2958 398
1585 203
872 2250
1428 163
2399 2788
2577 1873
1432 1889
2902 1680
2153 2626
545 2048
2633 257
1477 2817
238 361
535 2290
786 65
1523 905
2623 287
1194 2629
1956 2986
295 87
2154 1943
1871 2185
22 1541
2380 1935
735 80
790 42
1966 211
1271 1427
2167 375
515 202
1287 627
19 191
1001 2546
2564 18
1433 2954
2905 312
165 1150
2039 1212
1452 1444
1502 1451
498 2774
227 2487
1700 1408
534 2774
250 1940
1354 105
2322 157
1197 158
718 59
2125 931
1947 1035
420 1552
1484 217
1579 2255
783 2785
21 646
1098 2309
2735 2161
1148 2614
2110 1781
1931 1640
1001 529
684 622
203 1199
2967 2248
371 1760
2598 2266
1817 817
104 593
2124 2401
1576 1053
2577 2066
864 2118
1411 712
108 1161
1587 1323
1724 900
788 558
2108 1703
1262 20
1257 717
1569 1991
2055 207
1029 2454
2813 739
743 1295
18 1227
1648 2097
2702 601
142 609
984 978
2810 627
800 2588
2856 1356
2146 2119
1257 863
2824 1499
573 295
630 2774
105 267
1611 856
2008 2993
2196 1204
1578 1845
1854 1617
121 1621
1130 1759
846 1533
2191 2665
1818 1145
400 2775
633 1806
2242 2084
2811 2531
1530 1623
2341 2049
2789 2043
143 1292
2385 188
2594 2339
1699 691
2929 1717
165 1452
469 1950
554 1842
511 695
1713 2789
2052 2053
1758 1125
2691 2201
664 2671
1858 237
944 1086
724 131
1206 1950
2855 2536
1133 465
1439 2065
1223 2114
2175 1977
2385 2916
1471 1780
1745 417
2945 746
2878 560
1150 219
2777 610
2121 2610
643 1706
729 530
2537 2132
780 500
2428 2084
1243 2670
1987 1366
1663 2420
166 2606
2830 884
2125 1968
546 1321
2019 2844
584 1623
147 713
1438 1459
2525 345
2914 2642
1242 379
1734 2189
1127 1309
327 471
2751 2396
1565 912
1180 631
322 2954
1270 1106
1684 479
1089 2851
496 2206
2229 1331
1401 1758
808 193
447 1854
1522 1445
1209 293
1773 2803
2091 79
1768 389
447 1117
2989 608
389 2549
325 665
207 2141
2603 1629
2992 794
2449 754
2561 1069
2177 226
2348 545
1464 255
2664 1257
1306 1064
722 2277
1280 568
1408 1629
2511 719
2593 200
975 2992
2654 1504
98 2655
2694 1514
895 1413
2116 2676
2368 621
2445 2499
618 2613
2453 1516
1912 412
2747 140
283 876
314 1899
1919 2241
2996 97
2478 1145
1696 1129
2522 798
263 2344
3 818
2587 2473
509 1729
1028 1937
2303 2582
704 1627
68 877
900 1879
1850 1027
256 303
2044 1579
562 2611
1910 282
825 281
2483 2876
1509 1042
1120 1383
2799 1944
2817 2787
2793 1432
869 606
1318 373
1394 1689
462 2128
1196 1312
2708 2725
421 2706
2132 2584
696 1543
689 862
2553 2086
2335 2969
2057 357
1568 2653
129 38
1189 2527
2948 1534
2819 2756
1822 255
2175 1925
1762 2460
2825 1721
1485 1969
1527 1745
2539 627
1121 620
1781 1192
532 381
846 2909
765 1345
854 1271
2339 1403
1079 1374
1027 1981
1192 1196
346 655
1994 2855
1975 2625
454 156
2245 2205
53 1066
337 129
202 2340
2497 717
1829 2957
633 2140
2629 2646
2584 1981
2004 2883
2822 2509
1697 1863
2126 2898
2321 1561
2440 2622
852 731
1602 1311
1969 1047
90 194
1660 2260
12 2640
852 1220
362 2471
2942 2501
1382 2188
951 303
65 941
1228 2501
1385 230
1732 2927
321 2412
1070 2268
510 2406
1585 2631
2958 2340
1432 1953
527 1128
777 2937
1459 2967
1774 2651
2341 115
536 1137
2826 673
1493 1849
1975 831
800 2911
1470 347
2420 106
2320 922
2573 1416
114 649
231 1619
133 224
2346 2693
638 774
2436 1718
1078 2658
116 2095
2995 2369
2643 2652
51 1043
1949 368
1905 2778
1970 2085
1628 1439
1972 980
487 968
2980 2089
628 104
1684 971
2757 2194
2528 280
1078 727
2616 1077
1300 2870
2582 588
2872 1879
971 2644
548 306
2343 2885
283 1859
487 2357
2408 2100
2580 57
1649 1808
1002 2562
2584 1943
1813 776
1839 2940
82 916
2569 51
1815 2517
2435 2326
628 1775
2380 1475
371 2348
760 1543
262 1548
2590 2146
1786 2244
1844 1301
1891 1548
2450 1726
1107 1365
780 2081
1445 633
2566 1297
2435 439
629 1556
2301 2297
2516 145
2066 1481
473 1770
1363 1021
1531 2447
2928 1836
2472 41
1587 2759
1518 965
1426 2456
2076 447
2401 2116
959 2194
1655 2230
1401 686
1302 1412
677 1674
1702 2738
2605 1850
222 25
981 1523
1468 2063
1990 1954
2946 343
2848 357
2276 2713
622 488
541 1282
1212 1151
1139 1509
721 1078
1759 335
1480 605
1474 528
549 1876
2633 1726
410 2674
909 381
1801 2627
237 771
1 1014
1545 2964
1814 2521
2648 826
2618 180
481 949
936 2604
54 1584
2246 621
2023 648
1257 1687
252 2543
2629 2216
1466 1644
696 2886
1403 2151
1127 2310
1365 306
2308 945
2556 1759
696 1984
1361 2702
465 1345
1791 2896
1624 399
180 2724
287 1707
2191 1344
1819 1678
197 208
2097 1172
1783 1444
814 1333
386 2479
1813 159
2108 307
2228 1422
351 1117
1230 2406
634 419
956 1595
529 1054
1824 2627
2206 1500
2680 317
885 2591
1234 2348
1696 811
1935 682
1938 1640
2333 475
1285 2258
1093 1774
694 2490
2427 293
991 1325
431 862
120 326
1988 710
1751 1327
1550 573
1796 1844
1625 790
641 203
2125 2710
1338 1941
631 2844
2886 82
2808 2503
618 60
127 1646
983 626
182 1143
1791 2371
40 742
422 1792
1460 1715
654 525
2623 407
656 1151
2080 2405
1895 1146
591 1070
925 2297
1404 2725
2428 2710
2183 531
1585 778
2423 2661
1324 1499
46 100
102 1655
2038 1172
2493 253
796 2390
651 13
199 2067
2442 793
826 312
2982 291
978 875
1929 1829
1439 639
1696 956
2601 2499
950 2142
631 1888
2247 2134
1512 1610
695 487
2484 1303
2526 1417
1145 2588
2373 2689
1850 2113
2655 2051
2838 1580
2080 2429
2648 1610
457 243
86 491
1479 33
539 1877
2349 2205
2752 111
377 239
384 872
1441 805
408 1908
1714 1776
2355 1447
2574 2040
1188 2942
1543 488
2061 2510
2809 2492
1332 2593
1220 2843
1593 1449
1620 1644
2509 1284
1612 213
1375 563
1417 940
2618 373
1409 2459
2837 2525
526 2673
2 1566
495 1353
2426 154
1180 1428
61 294
343 2311
1313 2823
243 893
337 1671
2688 740
1080 878
1216 2739
1056 529
2678 1027
1662 188
2681 19
518 44
78 2733
377 997
2959 1187
1612 667
700 2470
2493 2306
2889 1736
1188 177
2563 2252
2624 682
192 793
1703 392
2908 1466
35 543
2036 481
2443 2126
378 2432
732 1219
238 2722
885 211
327 1756
1064 2495
1947 2663
1719 2392
2498 2841
2682 103
1611 39
1169 1560
2212 2708
1297 2510
1173 412
1825 2856
918 781
441 2433
1107 487
517 2813
530 1588
2028 1167
2044 2867
2886 525
2636 2286
2412 1950
1118 244
1273 1618
2652 2078
2465 1460
1615 858
752 2459
1521 905
564 2706
542 172
2623 1176
1236 1132
2111 1847
1658 1537
1075 1412
2044 2363
1069 1966
1433 1187
554 1371
1964 805
2040 260
1704 87
1320 1218
1910 2665
1372 1598
98 1741
1236 810
344 425
2083 2294
71 2189
33 2735
1534 1087
1982 456
2446 1326
1540 815
225 1850
343 1294
854 1630
1288 1792
1749 1972
2350 2139
1093 2999
2108 72
2412 758
1186 2270
2783 874
301 1917
1371 295
1490 1779
1813 951
636 2531
735 1876
2182 1480
370 1772
1334 1078
450 1661
475 140
2793 976
356 456
2921 2884
2876 1597
995 1542
2366 1492
2857 2995
1008 1082
1797 1373
1735 1853
615 871
1464 1947
2372 2987
1182 1514
2593 2494
2435 2422
636 1092
1199 1847
1093 1130
1055 1639
1160 2649
1209 2129
316 414
1587 1188
740 2005
183 1683
2293 409
1110 883
2387 1047
1851 2176
652 2984
350 1999
1414 1156
2679 539
1194 62
635 4
108 577
2247 2002
2381 2375
520 2971
55 312
2959 2738
1028 142
1342 2680
2075 2941
1709 967
2128 1815
932 2942
2993 554
619 1540
2191 2565
509 536
2419 2814
2481 2447
916 1840
308 2730
1141 2872
260 785
1348 2847
2666 1746
2266 158
2766 1340
1004 2241
2532 1735
483 2986
2775 1609
96 2659
1314 115
795 1514
653 2578
2378 1378
2908 416
2515 891
2696 821
910 2346
1219 134
2034 1805
1728 2853
468 1455
336 377
2122 1220
1798 759
2160 647
1260 207
2472 470
2988 2241
2563 140
2569 1438
1252 2967
2740 1119
804 2135
828 516
1867 1470
1337 1125
548 1615
383 867
1775 2098
1198 2611
1241 1889
955 461
2527 941
2101 376
2014 1006
36 2552
2932 299
966 120
841 409
546 1380
399 459
2024 2813
1951 2650
546 3
1465 1096
1833 770
1946 1840
2756 671
2208 214
39 220
2396 2780
710 2958
1755 2371
724 2123
511 606
1402 237
188 1504
2709 2200
1124 138
152 1205
1940 1346
1416 186
53 375
2316 312
2503 1523
2983 1250
2563 1421
1249 919
255 1977
1312 2754
1402 220
2423 830
1384 2103
572 1192
1847 112
1515 2501
2560 2665
1800 862
1500 602
2663 77
1202 829
1602 1329
1571 2236
1811 672
1654 2435
2974 2033
2208 1447
2305 1068
1645 636
945 2500
2276 1121
1254 2926
1287 2183
2535 2220
343 692
1320 398
2847 1679
2471 529
1882 1776
651 2676
1374 1088
2660 3
1366 2402
550 1115
2443 1680
912 158
1671 2863
2901 1051
1390 762
24 1241
1960 774
2919 1190
1505 1034
387 2842
1647 1962
2975 1029
765 922
1117 2444
2171 2176
607 2708
148 2812
1063 2115
2498 2210
2653 1411
993 833
1010 2919
2434 1224
137 2574
2077 1464
1328 435
2182 2204
1582 2397
6 377
2545 1562
657 1024
2346 2642
2157 1480
1418 2446
564 1134
2273 2655
2413 2248
1358 1241
373 2974
2015 2302
2104 1984
1745 2863
1087 790
832 1205
1346 1962
2688 131
1459 1273
2154 1959
2486 1304
1776 2087
2770 1831
2421 607
433 1360
2509 1103
825 645
345 1148
130 2234
1687 2169
2425 542
316 2878
1131 1163
560 1105
2165 1094
413 2620
2037 2876
2593 2463
2696 2274
1280 1842
222 2262
2794 2670
1875 837
1610 259
1525 2817
2907 373
2570 1024
863 1397
1620 2115
2400 278
1536 623
432 464
2076 2676
2875 636
1541 493
1001 1994
2116 2325
365 2066
1389 106
1601 2500
207 267
219 1283
1188 1665
25 748
2019 1160
1746 2085
1180 56
2967 2493
70 206
1257 741
714 533
2365 1933
1746 766
1957 2302
496 1212
1020 2819
2852 1725
1276 253
1219 1719
111 2475
2792 2412
2778 2807
1994 1135
2323 2651
827 2125
2304 1749
2132 2270
1451 242
1357 638
1359 2262
662 2821
1040 2344
8 2156
1667 2533
1498 526
92 26
1000 938
2572 1605
1440 2089
2544 2112
856 1460
83 1288
613 10
2450 2445
2279 1567
643 95
1586 1138
242 1137
2773 461
1179 2631
41 2589
1715 2379
1494 694
286 940
2575 1029
1465 2360
2086 1367
2482 628
1747 1800
2254 1824
1803 2205
421 1227
1037 952
1296 1351
1957 1575
550 2704
1505 2510
1067 2985
2295 233
696 794
1518 2303
1017 2211
1981 2403
2790 1983
2835 2535
1336 2328
1688 627
2228 54
998 65
1079 885
1402 1304
1599 1461
1595 220
1015 2402
743 2069
181 1441
2405 827
2851 623
1377 116
849 2946
420 2544
2967 209
2895 149
1149 912
923 71
1102 2659
846 932
1307 1479
1411 932
1877 614
1636 1003
962 667
1163 1641
2084 1931
1898 18
1701 2129
2046 758
2094 2347
2734 587
1668 2447
2068 21
920 759
1724 1861
2326 1082
1079 1160
534 594
1796 2073
1280 2879
2051 899
2404 134
932 723
1664 1837
2822 2409
679 1773
565 1392
1026 2470
1397 2097
339 61
825 1535
2641 2855
1534 2979
2916 1186
700 1228
2744 1618
1126 1064
1238 2240
1900 129
2457 1528
2422 2670
606 305
2785 1117
329 2832
514 430
2786 2254
1598 1311
1385 865
2564 1731
264 505
2913 1479
374 221
2115 871
148 178
1906 877
267 2124
2519 1021
1245 2933
1537 813
965 1526
2252 893
2384 2216
756 2877
1327 1676
121 2154
515 598
2125 3000
105 1564
1110 1180
1571 1777
2708 2759
565 374
2455 1272
501 1718
406 172
1976 2021
93 717
891 1992
425 565
2646 2724
14 600
2891 939
2784 204
2657 2258
2311 320
2340 2253
1113 1210
1839 1467
312 1348
911 668
21 1891
2172 2021
2091 1769
1343 2409
282 1340
1948 508
2448 1548
1984 1385
2554 80
2589 2404
944 2220
1847 2712
2897 1734
936 1044
298 1912
1552 555
891 2037
2228 2050
2708 212
2857 1505
1959 2827
2450 1065
2325 1435
612 759
1411 2788
1586 920
1246 474
237 1913
389 2043
696 578
1119 2470
1366 1916
2890 883
2600 655
1641 2883
2876 2034
1225 1690
1806 2995
1411 1176
2877 810
276 1611
2750 2201
2641 1110
2462 2323
1568 2551
412 1664
1530 2135
70 753
1703 2368
1857 1294
213 2334
1434 2666
745 1017
346 985
2545 577
2970 1679
751 2421
24 1838
1981 2974
1595 2069
1330 2693
1827 2054
438 1766
2618 736
2469 2961
745 1292
1016 704
2348 2658
2268 2218
497 273
2264 2974
2432 2338
1066 2648
2957 2432
2285 606
802 137
920 844
2836 58
1871 1518
228 1709
1444 1209
2284 697
2905 2293
2732 928
2328 1199
1526 2345
1 1218
714 327
2615 1680
854 118
1038 2762
1605 1428
240 2877
2287 1280
1036 1595
422 1739
1824 585
219 257
2809 728
2954 946
2712 2742
935 736
1183 2028
2881 1036
2415 835
1712 901
1491 1144
2831 655
794 1904
1496 551
711 1440
1960 2025
2723 2776
1152 2771
286 354
563 1948
77 1460
623 2166
2790 2874
568 287
2135 194
2297 1191
579 2616
1422 1719
934 569
467 2751
1414 1148
757 145
2200 1903
526 1101
2129 519
1551 2504
1631 1692
638 1713
1474 807
950 530
2881 2690
1581 1390
978 379
1358 353
255 1891
462 2317
863 2400
2144 717
190 512
2024 875
2193 1311
2223 2290
2437 2480
1039 1447
1539 2246
420 2236
2971 344
2966 896
602 2219
278 1465
2914 2537
2070 85
69 2694
60 830
1625 2068
993 1513
753 1796
523 2828
1384 635
1008 180
1813 2654
1080 809
1732 2405
2900 2806
2965 1746
1462 2958
1742 544
697 620
2379 2750
1653 387
517 1113
2536 2071
1882 867
2447 1652
1346 512
165 2449
1440 2670
1408 1731
1141 2477
590 1482
829 322
1876 889
386 933
2797 1781
1038 1999
929 1726
2987 2505
1846 2055
2949 1227
466 952
2685 1157
2443 877
2067 925
2979 2691
1805 330
725 1725
976 2525
1656 1309
2014 784
247 1518
2891 2311
1640 1041
2634 619
2809 932
2277 1330
1022 1541
2139 2292
2759 2402
2949 1299
447 2183
816 768
277 287
1279 272
1147 2752
2375 2567
144 1442
520 2084
442 1313
1262 2319
1648 1942
1111 2485
1207 2091
2291 922
2884 2487
1831 43
1084 1230
2637 1867
2206 989
600 2262
2681 52
1766 2219
2032 1615
2210 2754
892 1987
2349 2324
2335 2663
733 1877
2620 1695
2646 1707
2378 1205
2489 1040
1164 197
1962 1145
2151 349
1649 707
1212 2803
1424 1824
231 1444
1834 707
1820 2397
876 371
2469 2795
801 2711
2751 2479
2615 115
2346 962
2097 1614
381 293
1012 379
184 124
874 1526
187 2405
1086 607
2112 2405
1413 1389
1303 2406
2925 2489
2935 964
1730 2807
2626 2701
2568 485
2871 2002
1694 2067
226 1299
1315 893
2625 2350
2677 1451
2905 1180
1056 981
1496 2277
5 2472
1215 609
2025 2864
1461 1374
614 358
1452 775
1951 2618
945 1466
1403 2333
1942 2391
1668 1393
517 2924
933 1043
463 1556
1249 1081
2488 2242
1376 1193
423 1782
930 1299
1908 1000
1655 1859
105 290
2149 2192
782 1988
1425 198
2791 1178
828 1214
1085 1839
331 263
458 2664
2201 2246
2634 2725
2143 2457
137 1824
487 2345
1495 229
1612 1635
266 2539
485 1151
2218 624
1124 2902
2256 1929
2823 1684
63 2293
2457 2574
567 592
1013 1149
900 159
2539 2733
2370 838
1683 715
1520 1374
2360 448
515 2052
1303 574
391 2264
1168 2379
2246 574
89 2181
2451 181
461 1493
1118 2573
1137 516
258 480
1533 3000
2714 2028
710 1545
1340 1745
2747 354
2043 419
2450 1053
1128 2577
335 1702
2796 2020
2907 163
1048 250
2936 2419
2758 6
418 277
1433 2787
1519 1183
621 2340
2962 1601
1377 352
2404 2516
2369 1326
1960 476
1824 2178
2152 2977
2398 354
399 1237
1171 390
357 1792
1407 1415
177 2204
1068 638
43 2919
2123 913
1468 1973
1424 1557
2149 695
1242 1340
236 2465
1268 2670
2680 2779
2053 776
1669 1073
675 809
342 2184
2265 1359
2608 164
1554 658
140 602
735 1617
958 928
1614 123
1288 1842
1451 2760
2517 1676
617 2849
2831 1929
2919 1136
1692 143
1284 1611
359 2366
2748 337
2969 1224
1308 2000
912 2135
1724 1773
63 987
566 2687
1552 1193
550 2254
1168 39
854 8
1108 2212
2945 462
777 1142
1049 2193
1387 84
1390 644
1977 737
641 472
731 601
2961 2819
11 27
660 398
2706 92
936 600
650 549
1596 824
2065 96
222 1572
1982 1870
2372 639
1242 2945
1842 2697
1560 2736
585 2477
513 507
1912 563
895 633
2077 1075
2682 1540
2300 2931
1331 2309
234 1875
1182 1263
2843 1763
193 2414
1559 1977
1240 2781
606 2743
2650 1973
187 2588
2930 2637
2831 1769
1850 744
1930 968
1988 1649
1392 259
834 634
754 1593
601 1585
1040 2333
2740 51
2068 533
740 881
1577 108
753 1600
1625 2538
2935 641
1074 1340
2956 905
317 2215
2727 766
2519 2380
2672 704
1220 2403
2590 1803
2317 1313
1383 2529
1510 1533
2800 212
20 2341
497 1241
655 107
2263 549
313 2182
1203 1129
1621 2153
40 350
909 1106
2532 55
2547 1512
528 2809
2175 2521
848 1143
2640 455
1020 1208
2722 1256
1461 1502
103 2048
1156 1580
877 2533
2622 1663
2032 2262
2340 314
1554 498
2629 1016
282 115
105 2354
2358 681
1023 2907
420 591
485 1159
2186 104
1528 1449
2551 2283
1880 1524
974 414
2900 734
2492 465
32 970
1792 1454
2770 1670
2525 258
2448 2226
12 1620
645 2094
1829 2541
293 1186
1695 1836
1526 2856
839 2108
2553 312
2904 2634
1017 2455
2281 2108
783 2633
1267 1029
101 1671
2624 2748
2047 2789
1331 945
2012 692
2222 2076
2741 1654
838 931
2619 2532
1362 1304
675 2824
55 784
158 1155
2887 1616
623 125
1564 2902
2469 2451
2497 2516
11 1439
1332 924
545 2864
2702 2747
1684 2853
1377 1450
1731 2845
1758 628
1651 2287
2507 1604
542 282
541 516
1347 1336
1846 148
604 2847
221 839
256 2220
1641 331
1146 1179
1302 628
2894 557
2797 1810
91 546
2606 2506
2062 1746
1942 207
1301 822
1500 674
2168 1214
1411 2752
706 1945
959 286
1508 1448
2797 1127
1330 216
2707 1637
625 733
1034 1964
1546 1564
150 2414
1416 1183
2059 2657
70 293
725 2991
1099 2680
1033 955
2435 2936
310 520
1759 854
2022 2516
791 832
854 1973
199 2608
1098 898
1437 2517
2165 499
736 1392
420 2054
918 137
2979 1166
691 2153
665 2281
187 1930
2627 88
814 665
942 687
332 2983
1909 2712
2066 2614
2117 1331
1129 284
1547 1309
1563 39
2934 2487
2195 335
618 2056
2571 2302
2611 2414
2928 18
589 2602
2012 2109
2955 2714
1409 2317
1338 139
2796 691
2241 1097
768 1431
2527 2225
2201 99
624 2732
1980 730
958 1895
2927 1766
8 2689
2072 2696
2561 356
1383 553
909 310
2003 1951
438 981
1113 456
1616 993
730 461
332 2687
2967 2252
339 2857
987 69
457 2937
855 751
2366 1075
1820 1318
2234 2291
1213 2203
2434 2714
635 730
1950 2134
2905 2902
1155 2879
1419 2574
110 2836
746 1633
1423 2243
878 1229
697 413
843 1835
2399 1435
517 2645
227 2818
112 651
25 2949
2146 1882
1511 1451
1699 103
2730 1996
1351 1806
1705 1736
231 1011
2696 2313
449 2882
1249 1026
206 953
409 2303
2172 1936
1235 298
490 2001
2077 641
1733 2682
604 2814
2912 482
681 1065
2842 1215
1016 1512
1018 54
54 1075
485 1054
323 220
1400 793
2050 597
2034 1123
262 690
427 314
1258 1857
1876 823
1486 631
1455 755
2791 1510
2685 143
2441 2515
184 1315
2 549
1167 1910
2010 1271
1664 2478
630 925
1177 1759
1157 826
1335 655
2528 1219
512 2014
1525 7
2864 843
2197 1245
43 698
2387 2329
1745 2841
1334 2531
2166 2188
2085 2942
270 14
901 2026
1499 1310
2007 2883
2761 855
493 2089
2846 2398
854 2676
1088 196
479 2178
1996 2861
216 1411
1640 1216
568 1294
2680 508
2157 1871
449 2195
978 236
2929 2497
843 2745
2875 1818
1276 211
2505 1108
2706 1684
1680 1431
2629 172
502 21
1495 2565
65 2648
1201 1786
628 2514
1860 263
2222 1332
1931 1880
687 742
1752 1175
659 1890
2870 1885
1209 1622
2394 1368
1903 994
1720 2115
1915 1380
2519 1375
2450 2139
705 2087
2936 937
167 2141
587 32
2882 583
207 1981
205 1319
1192 751
2063 1840
1961 511
54 1214
478 2064
1526 2846
2971 2903
878 853
832 171
12 1162
2762 737
1105 835
788 897
275 998
251 827
388 626
1277 1446
1117 984
65 2920
480 1757
1416 1066
2014 26
2528 637
1853 1302
60 2313
2743 1267
2425 173
1771 2087
2832 203
2292 1527
917 2913
1676 2716
1446 345
1753 242
1721 477
1704 1990
636 1988
335 713
550 2329
52 1667
1835 1238
645 1142
326 1301
255 847
595 279
2298 1844
1347 785
798 2334
2977 389
1394 2364
1015 1481
1326 2979
2228 1337
1507 2523
1010 2055
1291 950
1946 714
241 2297
969 529
2366 2204
817 750
2077 1185
2670 1519
2873 1258
932 890
2293 1733
432 704
1848 1462
2723 1093
2358 29
898 2750
2648 1684
507 1236
1645 268
519 266
2837 1963
2785 1206
1467 2235
94 1803
1082 1111
2066 1525
1066 62
2036 1336
318 906
2843 1229
1982 297
2641 2276
259 2867
17 412
2859 1327
2445 2884
520 581
28 1879
569 2174
2807 927
2254 2421
503 1955
1622 1582
1675 1746
272 1337
1775 2250
1389 1531
1273 1562
396 2300
2034 51
1648 1728
1959 1363
2772 582
2909 2789
1346 281
987 453
81 1340
643 2130
1142 1308
1458 2635
894 1677
1124 1692
576 2691
1056 2181
2950 2310
379 1813
300 1709
114 2987
446 2598
668 1924
1988 2394
718 2708
278 2547
1012 1082
2507 2496
2282 2770
2730 1226
1280 622
267 342
2677 2926
1467 2646
1972 1508
1608 120
915 1228
1509 1616
427 1042
1282 2975
2785 1239
2920 437
2897 1139
1062 2807
2210 1583
2630 2624
841 2470
2412 1031
1566 412
2526 2292
707 910
133 2964
1990 1524
2121 2189
2487 464
1123 2568
1890 2426
2153 2155
255 841
2417 1537
2365 2740
512 1090
2291 949
2914 570
2923 1881
2344 1745
1089 1758
2895 2498
1113 2710
1015 1921
1224 910
729 1202
82 1177
2186 1882
2220 612
361 1935
1730 1161
2313 1714
1533 1957
2597 116
1754 2766
2169 2623
2479 363
1252 1665
582 1927
2734 959
1365 1467
754 2254
1258 340
2422 141
1160 472
955 1842
2376 155
2979 463
1795 807
2790 2417
2706 628
2162 1498
1505 1907
2742 311
409 2903
1682 720
2206 1672
1393 1275
1248 251
724 836
1453 1849
61 2290
120 2422
360 147
2905 2167
2357 2135
2352 1915
1550 267
255 1850
75 1242
1867 2577
2990 920
979 2917
2783 354
20 2361
2718 2234
892 2787
75 613
1180 732
471 2336
1481 2481
1023 1581
1442 2499
1804 2296
2422 617
777 2264
2251 49
2959 2674
387 1765
13 1520
687 762
1766 1489
2558 226
564 424
2403 1627
1422 2958
532 686
1944 890
2366 2539
1761 1846
887 1057
2709 2489
1222 322
76 2414
2958 2980
2776 1864
1220 976
2000 1803
1821 2432
888 1316
2059 1776
492 2329
1496 1086
148 102
911 1528
1261 443
651 1983
1924 2550
1602 376
1703 2648
2048 2459
2909 45
1923 253
2800 1210
1686 2292
445 2198
1233 895
2481 2654
2947 991
2251 480
1187 794
2298 1933
1712 2816
660 1961
1049 745
2895 2326
2083 631
155 1453
1312 2488
1279 670
138 2850
506 1268
1086 2607
2388 1723
1889 782
132 2241
1861 2148
1815 2466
1474 1929
963 404
2365 2095
1528 2868
464 1688
1389 1607
2246 1989
2430 1046
945 2217
1793 930
1533 1922
1809 1462
1649 1874
760 412
423 2061
2495 441
999 1864
193 343
2758 1410
2355 744
471 347
2031 2308
629 696
889 1298
857 2282
869 322
501 1403
1570 2156
921 2417
2258 2807
1396 381
2605 1414
200 631
1826 1293
2730 2045
1311 508
1785 673
1237 2092
1124 1594
2017 1739
2543 779
985 1177
2915 1270
2337 2035
10 1963
557 2509
2438 279
280 1957
1776 2721
261 2411
1155 2187
2634 2021
3 2419
934 1957
1996 2154
758 2134
1603 940
870 1650
2246 1984
999 1190
851 1101
2465 715
329 178
453 2456
604 1714
804 1616
195 1751
1288 270
1852 786
2195 1963
2368 2009
1724 79
2503 1422
530 2954
1192 1414
272 2611
1330 2845
2809 2683
2427 2637
2976 522
1361 980
126 2027
2565 1034
1495 573
1174 1010
2604 497
625 1413
1820 2099
2271 422
1456 830
2223 2597
2922 257
1478 1615
2337 1303
2059 1284
1071 2134
895 2612
1066 2099
501 1620
1638 2296
679 1702
503 2289
744 1972
1904 640
843 1088
2764 2218
141 2034
1262 2790
289 1241
219 2241
2586 2324
1781 528
2446 2059
2546 1345
161 1320
2669 192
570 351
1914 848
2978 829
941 465
1732 352
2634 2964
2790 2676
534 730
1518 2279
1375 2619
432 2198
105 527
1578 2570
41 714
2882 2212
455 723
292 1416
1539 376
2256 2253
2178 1247
2657 1801
814 1405
1517 2297
532 451
55 2526
1501 2776
1377 2381
2315 2161
470 2403
36 1025
107 42
1807 178
195 2761
2666 2970
535 2133
1967 616
2573 1862
1734 2594
1034 2383
1579 801
454 917
397 713
2777 1430
737 1359
2505 2194
393 624
627 309
2873 1564
881 1097
1618 2731
820 301
1337 1166
2229 306
2144 2742
1057 1220
1736 2775
1020 1720
1949 43
2434 645
1753 946
1674 1273
2306 1284
2608 2346
876 2951
2903 1809
1013 42
2401 1894
2730 2350
939 139
278 131
2785 2746
1699 592
2949 1691
1846 137
1397 2458
250 1620
258 2436
1459 2868
2104 2050
2035 222
1156 647
1025 672
2446 630
1822 674
1770 1489
1260 2568
953 958
513 1405
2106 1729
11 2299
722 1135
168 1634
1430 2226
2483 862
613 2100
1238 2851
2040 1945
2904 663
2643 1269
865 408
123 2395
2875 579
604 648
1138 647
544 1765
219 1276
1163 641
1908 2614
200 1088
2370 2772
2243 153
266 759
1963 1096
472 930
2617 1278
2455 226
1290 2273
2463 2932
2605 734
2905 1430
1293 63
1459 1957
1667 2273
1988 2472
2202 2653
2655 1443
871 731
1528 517
2013 935
2515 1805
1226 1685
439 1057
1276 1970
1854 2757
2518 1082
2611 73
2554 2245
2106 1437
1460 712
2361 464
991 847
1139 1388
964 767
184 685
864 2154
1788 2635
50 361
2688 2570
855 462
1187 1757
296 2417
1713 406
491 1159
66 765
1094 2830
2147 392
2229 407
2541 56
874 734
68 1201
1606 1538
404 206
1113 2825
2892 299
2932 501
1712 2275
1623 90
379 1417
9 1635
45 676
2839 1711
1686 1446
2407 619
2486 2100
1128 2029
2615 1511
1420 1686
1040 1959
881 719
1642 2408
2413 836
1823 718
2638 2216
1737 1513
2983 1800
1596 2105
2410 852
440 2
59 2347
1165 1942
2189 42
989 1589
1544 262
2772 74
687 2989
944 2699
2093 663
1267 166
1982 2477
213 2623
1658 1215
2612 2364
2793 718
939 875
1543 169
778 904
2582 277
2420 2627
1794 1989
244 2720
1697 2101
1835 928
2988 718
1464 1927
2401 1292
1598 166
2591 48
1582 2211
808 1196
1221 2205
1286 550
903 1491
2387 1443
1683 1095
1599 1215
2080 1725
2100 76
2022 229
255 2510
1740 1662
1646 1087
2701 2576
119 2143
2686 195
786 89
2912 2295
2548 5
2354 613
307 110
2737 834
178 2414
1934 484
2109 717
1558 2167
764 999
1107 2219
390 2249
602 2420
1535 434
2871 2349
267 1913
2895 2354
2724 827
2469 1289
2943 2258
465 2841
2549 2952
1440 105
1212 337
2140 153
1670 725
1753 2729
2837 839
1851 486
2473 1539
736 715
1823 1405
2269 1519
1978 2096
1682 231
231 1119
2372 676
1686 400
447 2499
1748 2722
569 1622
2885 942
607 1555
249 2003
1849 1649
299 1045
823 391
1611 2075
641 1573
2815 1314
1436 2321
2417 1601
2868 1490
1801 1632
2114 2156
803 655
1534 2851
1301 1818
2155 2020
1970 223
742 1171
1327 2675
402 2455
2833 2482
948 190
2295 1850
1111 2121
2843 699
1224 333
934 746
2606 736
2518 2789
1118 1861
1290 1069
1521 2661
1772 2022
1434 1495
2660 2774
2261 759
2723 1993
2509 552
565 1079
2287 1781
1250 1245
1173 1276
306 1752
556 313
390 1686
2971 306
806 1846
2228 2804
826 2987
1156 2517
1858 1052
2418 1240
1422 2055
1533 1360
1836 576
1125 2155
636 697
252 1486
2710 1326
1006 2997
155 633
1123 2200
616 1442
2807 1632
158 606
2740 504
2957 22
584 996
2827 235
1997 1717
2605 503
2724 2887
1902 81
2123 1970
2723 648
470 1454
203 2149
1067 2061
2728 652
2312 601
1008 2686
768 397
1104 1303
2375 2168
755 1823
2476 2117
2065 2037
445 2132
2823 1689
2094 748
1849 435
417 2757
1160 2613
918 1332
305 2519
2566 2865
819 2808
1426 1440
2117 1761
567 1678
929 1675
1712 2739
1411 2
74 265
2383 691
2886 2349
1775 728
2652 2934
38 1004
1016 297
1902 1176
2096 1398
1962 1430
2929 1451
266 2366
237 1451
173 1024
558 1027
212 1076
2747 2135
1051 2432
2396 680
1448 2461
1347 1054
1306 1611
375 2595
1307 2407
1046 2171
2695 2163
1081 2018
997 954
310 918
2688 878
727 2837
2006 1125
727 1872
695 2854
2787 313
458 91
686 2357
1233 316
1073 1295
776 1808
1127 387
209 1709
1907 2910
1177 1855
2821 1314
1478 2937
1294 1524
2546 1750
1704 485
2020 2586
295 464
528 1324
2810 2269
1249 2598
1675 928
1721 2913
1441 2029
1553 93
958 127
2920 56
1457 2340
2160 1999
2335 2640
2167 1304
1402 147
721 104
1188 1173
2010 229
2994 2628
1155 2652
460 698
1812 2510
1746 2308
2144 975
1530 655
2465 1340
1958 2663
2326 781
2211 536
1746 2482
254 1030
1315 2953
341 2208
2038 2365
2638 2369
280 36
517 2100
1950 1171
574 1387
910 2743
2366 1698
242 1674
1278 102
710 248
627 1070
2438 1289
1757 830
900 924
1515 2482
1059 899
1423 68
2483 1035
2649 951
149 1124
1582 34
1702 1542
2882 2158
2828 833
1131 175
1363 1779
576 1446
1022 1966
1329 159
300 1238
951 2446
2193 1363
2269 2904
1644 542
2412 2745
896 2462
2671 1633
119 1156
1241 1139
410 1605
1839 2109
2886 2979
1372 2021
784 2892
866 1146
637 1918
1263 314
646 1447
334 674
1973 640
2826 2942
1347 1970
1908 1055
845 1593
45 1270
214 2328
1439 1458
2665 1317
2263 596
2083 685
2536 2484
1231 1410
794 113
1553 1109
157 846
960 2650
509 2924
2102 507
2445 2503
982 2785
1561 1993
122 1904
1871 665
2276 578
1365 2787
935 1543
48 1983
967 1431
1695 2466
2199 1000
502 2513
675 686
653 2286
1730 2978
908 1455
2365 929
1262 521
58 2042
2532 2616
528 196
2530 1648
413 1488
861 562
753 2275
2626 182
950 2200
1863 1102
1043 2448
510 612
2738 616
2504 2436
1597 2270
655 2736
2201 234
713 1068
902 2727
1532 1908
1848 2964
1622 516
2108 1277
725 1422
553 2815
2367 1966
159 344
2222 1628
423 928
748 483
2549 637
2410 2066
2817 2579
1053 626
540 1291
2124 2276
2370 2547
1192 258
179 1825
2260 2635
1595 2276
2619 1393
318 1956
2089 1482
2555 1948
404 533
2828 773
930 2857
1073 2280
315 2011
1656 1438
1812 2412
2168 1468
1604 2956
813 2489
1172 1666
78 893
1962 1778
2549 2808
1138 1720
2818 2754
128 228
254 1042
414 572
2861 150
809 887
2491 2810
2661 2264
2729 1384
839 1336
2507 2976
1314 158
1801 772
1440 1741
662 660
1264 1068
1699 2370
1901 451
1239 2523
923 2293
2098 1474
512 2990
337 472
1825 1077
278 1329
324 2335
330 1211
2194 543
2393 631
313 2686
2021 2525
1147 1880
371 2852
2569 59
325 1941
2162 2049
2401 1913
1581 1493
870 1413
1452 2194
1146 1024
1987 1605
1579 23
2057 1261
724 2055
2365 1724
2583 356
1940 128
584 734
2427 756
2014 2456
801 2147
1790 1606
737 1340
894 1612
1645 872
1453 2877
2880 677
1751 217
2534 1415
1087 2838
1690 1043
1746 2089
13 421
966 788
709 644
1117 1510
1722 2373
1951 2565
1510 1260
2012 288
1630 1671
2084 1056
1872 1895
1040 2039
1515 1337
1676 1540
831 2594
1088 2912
1068 2291
1907 2047
1037 200
680 2484
1571 425
1325 527
1202 2790
283 929
1370 421
2564 2144
1828 945
1964 189
1741 2326
2631 1540
1393 2852
1292 1019
815 2802
2858 1569
2774 2515
645 505
550 2976
94 1519
2696 2536
2738 862
1387 866
1695 227
69 2423
977 1445
752 850
2401 1546
533 2991
1259 554
2207 139
2056 2052
2738 2666
2765 2698
741 2623
1765 1474
1488 700
1898 2995
442 1308
579 2005
2621 936
286 1213
880 118
712 2036
2393 426
1050 2472
2858 600
1351 609
1323 1079
199 1878
1975 477
2723 2225
244 1557
1567 2698
1996 1912
624 1840
1162 928
1387 2635
914 1657
1283 501
1926 2506
2236 2184
2041 2296
1736 2557
1816 491
437 186
2046 260
1053 2651
630 1836
1713 441
1801 1170
2526 113
439 2508
836 732
2792 1970
1557 732
1486 1337
2457 2348
2855 447
2468 2172
2869 2216
1285 1892
2066 2524
37 2028
357 97
721 292
1153 584
1990 2412
649 1926
1278 1819
2825 2243
588 2951
224 1027
2651 1725
1582 1254
2923 1540
4 1902
2916 1699
2061 456
1926 1581
1200 2383
2041 1561
1109 2473
972 2242
1107 108
2071 870
2698 37
679 341
946 605
193 2387
988 804
2073 1553
1729 959
257 255
2955 2435
2129 2844
1350 689
2317 1410
1912 2140
2029 404
1855 711
2586 117
234 1820
505 404
2045 2374
2166 1633
8 975
1852 1348
2506 1601
1279 2408
393 1474
1944 1767
2966 2486
181 2520
2770 1223
1813 1017
499 551
2596 1615
2429 562
2980 1492
178 133
2560 2149
2109 2802
705 1032
945 804
1764 2522
1010 306
551 1731
1715 1126
2978 1995
2037 460
1395 950
1905 2955
563 472
1876 1223
2697 137
1455 2103
990 1209
2983 2288
1879 1175
498 62
63 2445
1384 567
1750 1280
2113 96
2925 1764
1127 1770
417 2632
2845 2885
1758 1817
2526 1641
2896 2597
2368 915
2028 2203
2455 2023
699 1962
2364 722
684 242
1129 2980
2294 1860
1617 2708
1882 1140
100 806
1868 136
1739 2542
2258 1515
1701 2372
721 594
1028 1200
58 1219
657 1098
1870 1210
386 7
2470 1033
1286 2579
1396 2210
565 1866
1737 2435
1102 2195
368 2868
604 1682
2539 984
1422 1730
678 2986
941 1699
2630 224
960 1340
605 235
2657 2177
1139 22
649 354
10 1915
2369 2564
2651 2026
2925 589
2231 1093
1413 2035
2415 1721
1737 2616
1605 2448
472 1396
2869 2927
2740 1045
1847 1318
870 1081
2917 705
12 1998
823 102
2886 1573
2610 2238
2951 2908
1503 2626
666 2373
2444 946
156 1711
1344 2767
568 312
1850 438
1654 1417
798 1739
757 2798
231 1287
2111 223
793 2824
2888 798
2680 1071
2485 135
2729 2896
1008 2942
1853 1235
2501 156
2455 2782
1724 2005
589 382
1700 1894
2567 518
1276 2437
2287 42
1532 53
997 1686
540 2307
2196 2827
2728 2278
2963 849
2019 514
2966 1907
739 2416
705 2808
1732 2808
459 588
1022 1681
2918 2615
2687 2460
713 1697
2354 2840
2982 2204
2109 2244
284 1075
1252 2472
1195 2075
281 637
710 432
748 114
658 1516
597 2480
2985 1124
1188 140
2395 344
1190 297
883 521
1510 591
2744 1583
381 1878
980 394
1826 433
1377 1913
1672 2640
1886 1403
1779 2374
1946 2679
358 323
2220 774
2085 1774
1339 464
1650 2545
1499 2771
306 566
1527 1616
1046 2376
530 2079
247 444
1273 1842
1993 2832
176 2372
2665 580
321 1256
2721 1415
2509 128
319 70
1392 763
1940 2801
2090 1385
2552 148
1456 1852
2879 1175
1363 1411
1861 1743
152 1644
2279 2636
1418 2627
1939 2430
691 2184
712 1811
2359 2068
2213 1357
1628 1417
1770 1308
2745 979
723 2168
1084 2722
1214 786
719 1998
330 2333
762 2096
309 1958
1498 1571
285 1020
493 56
2776 2822
2310 2767
2259 1975
1730 1630
2336 950
2506 2337
1908 1787
1909 2354
2084 2197
2890 604
1080 2218
927 1973
1813 503
2006 287
1417 1434
2774 1386
915 1866
2596 1643
1950 117
110 2115
1189 850
2575 1069
1913 781
1864 2846
2998 2176
85 2417
150 2988
1689 2869
574 1442
830 67
647 1572
1151 1672
1953 588
746 612
963 73
1965 1525
2165 1880
2200 275
1268 272
508 2286
1590 697
786 782
1898 985
2490 2949
2648 2744
115 2583
1673 1659
961 258
2076 1108
1712 2492
266 2194
990 1882
1821 2056
703 1442
244 2340
93 883
1633 1870
184 1220
2129 1794
2140 2100
1007 2747
1565 2686
1827 2700
2594 792
2254 2665
1168 2701
2360 856
234 443
1316 1273
1133 1322
1843 381
1305 1932
1612 2903
141 2942
2296 2814
1502 2314
693 2518
375 1357
2310 1427
612 1172
1713 2638
2392 718
1569 2284
2386 1620
353 1745
2938 970
639 1397
50 2437
1787 1316
2877 2518
670 1978
1536 1995
1876 1127
2989 2009
2107 1415
906 640
1055 1388
2610 1220
1445 1000
2798 494
2459 226
268 29
1916 2090
1787 1093
28 2380
1960 713
1773 376
2268 2413
2454 631
1320 303
1947 971
2067 2270
599 1040
2850 1148
2343 420
17 2179
1467 2767
2408 1946
1953 1266
416 1338
1647 2311
1068 1343
528 984
2463 2043
699 2425
454 2785
1894 2659
352 2389
1361 174
1569 2838
2483 794
215 472
1155 1161
1857 747
108 2396
198 2937
2181 1219
2857 2569
2368 1473
2973 2650
2437 503
2750 1338
1858 2835
2467 2942
1422 2798
1968 726
1919 1353
1864 2128
159 1706
2511 2144
2888 2046
1972 1115
2651 2880
788 1380
2425 589
2228 2919
2318 1380
1098 978
2701 1009
2867 314
131 1277
1298 384
2926 2282
826 902
1923 304
2901 882
1814 1061
1211 2558
2709 1072
2851 80
2088 282
1671 2226
1007 1922
2117 2038
2991 606
2906 2885
1569 1382
1075 1809
1032 1864
1785 2630
721 1455
2638 2453
1801 253
229 1510
1195 205
155 518
1014 1176
561 1561
2142 1577
708 1946
1802 894
2926 1297
2429 1090
1993 968
1269 1259
667 83
278 627
1370 409
819 1289
2551 227
1508 1981
1441 1561
2798 466
2087 85
941 2267
2928 85
1194 1546
846 1009
2105 384
568 1772
2662 386
1515 1597
1148 452
1755 2578
2330 1909
1727 2292
1161 1139
973 401
2708 557
2015 1050
828 1484
90 2045
773 2062
687 1292
1978 2458
151 931
1250 2262
775 1830
414 1673
1372 2056
744 2370
915 1716
1020 452
1165 2839
1890 2732
2457 2856
2551 718
2367 1566
815 2872
330 1900
2273 1185
460 216
271 2569
1640 676
426 2865
2764 347
1761 1
235 1245
1840 438
1577 2664
1084 1783
1930 2371
203 129
1539 1226
2458 2910
2798 71
2123 214
839 1710
2503 2978
1886 1125
1231 2354
1531 2236
1499 1442
2405 541
1140 1061
1295 2845
588 1177
2214 1638
1512 92
1627 782
290 1951
2567 1296
863 2246
1465 1127
2352 2514
672 1785
1707 980
964 61
1258 2972
2495 2456
1405 2094
501 1471
2899 728
377 2992
171 1742
1422 2881
1925 1326
2548 2584
1465 939
472 2622
289 1671
937 2820
937 1343
1685 37
2128 2554
358 1313
808 1613
1540 954
2507 1034
827 794
39 76
2260 2321
1801 971
1315 2882
2333 1059
1353 2103
1479 1800
807 968
2400 1306
1644 1512
2625 2858
1209 989
2791 2562
1958 1989
2453 2268
896 2267
449 2457
2897 761
1901 2543
1830 65
713 1442
1616 1902
2261 1075
1362 855
822 1736
2209 492
1418 645
391 774
1051 1465
1776 457
1857 1831
1592 351
136 295
2366 1844
483 2726
472 127
635 2963
1400 1811
1102 529
424 1148
395 1312
1973 2363
2463 2958
96 1196
986 2343
2298 54
787 777
510 2226
119 2478
42 1505
1345 2129
355 1141
1947 1365
865 1965
680 192
2106 2381
1304 703
1408 849
226 819
1958 1311
2011 1680
1545 2451
2393 1028
1418 2529
841 2538
2543 781
963 2527
1617 2411
818 1331
485 1992
182 1665
1737 2337
1060 1637
1488 878
1263 2911
300 108
2333 18
2901 222
1992 1290
2601 993
2104 2501
1318 1225
1637 952
2560 1842
2316 2813
2607 1886
1817 1586
1314 869
1446 1958
1536 521
1142 2110
2918 1320
2967 1911
2865 1019
2030 319
1725 2826
434 691
2027 1688
360 2321
1188 2976
279 468
179 1231
2765 1377
463 2602
2752 1907
1957 735
605 1598
1516 2479
2706 568
2593 1131
775 2028
599 929
2254 2437
2264 1967
375 838
428 2861
863 622
356 1687
2749 146
205 1421
1795 696
2214 2514
370 2316
1740 232
1469 1805
2354 1286
513 869
1929 1899
1647 1333
2788 2263
2565 448
2177 2195
794 1803
1214 1739
1172 2901
279 2657
2014 459
2746 1846
1772 333
93 1948
1912 2136
554 1298
1403 2639
2978 1194
2494 1281
132 572
1104 1623
2015 338
1698 563
1656 2379
632 568
332 1695
173 867
2656 1883
1039 2
684 2690
1194 745
1410 2017
2531 2747
1777 2771
2549 1909
696 50
1573 119
2057 2301
149 2852
2621 747
1853 589
1799 1577
2921 2672
2065 1405
2541 2499
295 2944
551 1927
1153 1286
2920 2597
1815 1107
1072 1800
2805 549
1639 2688
2198 721
656 1386
1078 2954
974 2604
1106 72
1176 75
801 2984
2729 2096
2240 1422
2730 2406
1653 382
1029 1954
2142 1696
2947 300
2265 1343
2971 493
2250 821
1465 2900
1011 103
2326 1181
2483 1769
95 2884
2014 803
1179 2060
402 359
284 556
2331 290
2521 998
1047 1908
1922 2956
2458 1637
174 2387
2704 2474
1390 1324
1924 1056
166 1551
1370 422
931 838
177 2275
2244 2980
1609 992
2234 119
821 854
1673 878
2089 1674
1097 1756
2202 2876
117 867
1420 790
1499 84
1941 1560
2003 2759
1570 2274
773 2963
658 565
1181 627
2061 750
565 1420
2534 1442
660 1891
1691 2316
148 2729
1940 475
2706 1275
2886 1782
2281 660
1425 802
2919 1464
435 2835
1785 1439
1797 924
1198 1172
1989 1771
1298 1540
1744 2111
1260 2184
303 124
1148 2425
841 1437
713 1851
2883 2318
2035 1706
444 1604
1998 2262
2016 1230
2227 447
2809 1550
796 2421
2951 276
2783 2440
2796 363
2974 13
2955 2729
1194 666
258 1556
519 827
1098 2644
1173 1689
2874 98
1197 1500
1884 702
2696 2408
1450 1768
564 1777
2037 1229
2710 2231
1352 1285
2630 1814
2231 174
1430 1060
416 1869
2486 1322
697 2975
1259 2990
2230 397
788 1233
2975 1165
62 431
2317 2505
530 920
128 2796
2681 661
1460 2588
1589 1588
74 2837
2129 255
1993 2855
875 1169
1251 2731
2401 1106
2537 1205
2672 617
2975 975
1004 2685
2043 2191
1594 2711
1600 2619
2295 612
260 273
713 2212
557 695
2497 1145
2824 77
1490 1279
2230 2597
2019 1307
2735 262
559 116
996 1141
1541 1562
1338 2182
509 1545
1761 2760
2275 1367
1821 1789
2050 2529
1003 254
2252 2811
1343 689
2213 1953
2808 1796
739 552
653 2452
1979 1456
1349 1909
1029 516
2110 1624
2224 1063
1845 345
557 605
2233 2191
1416 2428
164 700
33 664
2047 259
238 1742
2298 2255
1931 1224
529 812
2895 250
2389 1430
472 1093
1988 305
508 1993
2680 1717
577 929
579 1536
1588 1413
1533 2558
1681 1029
2913 2609
1636 2800
313 2128
753 1124
1154 251
1270 1324
787 88
1919 994
2548 1242
1968 1173
1450 1320
857 388
1478 2198
886 2873
810 1430
921 2702
1140 2771
531 2809
1524 1418
1530 325
1440 22
2551 144
1765 2541
332 302
2024 596
2443 2845
2485 1459
1075 2052
189 1433
1220 1437
2907 1885
2283 668
2396 2090
2145 2207
1470 1896
329 1951
465 589
2407 842
2550 1037
185 1197
1766 1745
1089 2945
337 2764
975 730
2855 779
2568 2847
2220 605
1644 318
948 1680
1777 2099
346 570
1309 2459
594 2438
1189 1251
1184 2686
1892 1956
1749 632
67 814
762 2336
1541 1827
217 1329
704 1513
1281 1478
706 2094
901 2094
1435 125
2540 624
405 1351
2732 1739
312 2672
2094 2680
130 1814
602 2022
1845 342
2803 1118
714 1261
1770 1572
566 2578
377 1487
1571 1994
1140 2202
1824 1941
1970 1559
1885 390
2532 1650
2264 1118
498 1245
2887 2079
1635 2
130 2941
1659 2145
2558 355
1250 1535
610 2194
372 644
1598 314
2465 2878
775 770
1898 1919
2119 914
1409 243
767 2431
626 1498
2460 1520
2743 2300
2145 1139
1504 826
1696 612
1213 369
647 1999
853 86
2880 2358
2948 950
2119 2136
486 2628
64 1783
1219 1799
2772 1151
6 186
2720 2364
943 1145
913 2293
1419 2369
2787 389
2153 2612
1443 2451
2499 2952
542 754
308 980
2014 526
1595 2224
1456 999
692 1334
282 2518
1837 2835
769 1003
2427 703
2765 2636
1974 1912
573 2877
2525 2231
2929 1579
2292 1713
2294 1955
2829 804
1255 57
111 2811
312 187
2851 717
2873 2475
1638 307
2453 2987
1582 1209
2714 570
1362 2173
1852 796
2293 2821
2634 2117
2120 2170
1853 800
2752 323
351 1635
2993 2046
2274 1467
1469 793
1086 1480
395 1260
355 915
1577 941
1945 219
2910 1748
1310 2745
2571 960
2917 253
185 148
1529 2570
1365 1090
299 1506
181 1455
1475 2009
1364 1240
1898 1905
1947 1668
854 2006
2744 1702
590 1356
11 777
2983 2166
661 1619
2263 2257
1041 1086
546 1387
388 1428
1091 430
1581 893
1539 2108
1558 2955
1276 1658
1985 72
2062 105
1853 2972
2251 73
2478 1736
31 1935
977 1520
1460 862
37 2476
2349 1577
750 546
2330 1697
1809 297
2817 1701
1917 1689
735 2761
2981 2335
1457 2766
221 632
1109 1676
2059 970
2975 1633
2584 2795
1146 34
1682 1622
179 1791
2370 1928
2622 1417
1574 2844
2475 1094
573 2868
1455 12
2529 2809
2328 2404
749 557
1276 2860
2997 90
2119 491
157 778
418 1760
2694 2568
1393 2623
1152 398
1088 428
2410 2183
370 1726
1251 2019
2064 140
605 900
496 2948
1651 2412
1936 2397
2662 2051
317 782
2505 680
2153 2135
1003 761
1643 242
243 210
767 926
371 1315
42 489
394 197
163 421
1670 774
1165 2656
1295 2544
1336 1309
1934 2271
2254 2262
1862 735
2269 126
2312 1078
1387 585
2945 331
2414 2572
1024 610
951 611
1078 875
818 1210
2332 1262
2792 947
993 2282
522 974
2227 2986
227 2311
1486 2760
828 2589
255 2952
997 2023
1774 993
190 1665
2879 517
1381 2031
470 197
796 2876
1187 659
2718 3000
2586 1156
284 1816
2619 1597
440 1861
15 953
1082 2180
214 963
2839 19
1621 2901
2767 1935
706 2817
1248 1926
1265 25
1578 2146
2229 574
504 1708
354 2381
1197 2158
1944 2572
1297 1571
1238 1241
1396 1896
2288 542
2407 2309
2361 1209
2991 660
2128 2292
831 483
623 336
684 324
2618 1511
1167 1391
953 2746
2084 969
2805 2095
1989 889
1911 1043
65 1915
2842 2306
68 2421
1037 1752
2140 549
470 1299
285 1754
625 1970
2255 2781
970 1692
1262 580
2138 2734
530 614
1195 1940
2417 227
1426 2579
2003 1682
2940 604
799 2612
2564 925
501 1853
454 1104
2702 2497
581 1087
613 2629
151 844
496 248
125 1631
1009 1943
14 2657
966 1649
2914 1772
2347 2830
825 1803
1098 241
1449 1625
2674 342
1122 726
1973 1444
1251 1897
2442 444
234 2643
246 2019
1167 674
2659 2837
2388 2808
754 1380
45 809
1889 1368
1625 1620
2158 1469
585 517
1936 1353
1703 1965
23 934
1432 461
286 2199
1909 375
432 605
1890 1502
190 1197
2600 1771
2676 2867
642 1187
2362 1668
1708 112
2902 2445
2089 1468
1176 981
2261 1255
324 495
151 1768
1804 2560
1782 805
2951 915
528 2146
1643 1070
1433 1175
203 996
2865 956
2794 1140
1111 1637
970 2302
2701 753
225 1260
1100 2467
2571 355
1495 1167
2063 866
156 2225
1044 1856
2630 1541
2214 1729
1145 1142
2026 142
2854 1607
1496 2809
2824 1366
1146 1445
1419 334
178 2841
886 1060
312 892
942 1710
1380 1303
2018 225
1693 344
530 1005
85 1187
1544 2518
1025 1086
79 1219
1343 913
2465 2425
2265 186
1005 1190
1284 2971
2515 1759
98 429
1887 533
2278 1331
72 1101
2147 2794
604 459
1120 1430
1317 85
2576 1635
665 2769
370 1567
728 924
2535 474
1560 1074
590 959
953 1399
1829 1138
469 1985
269 1030
2944 2928
2198 1447
1529 326
2024 1390
2402 1988
2285 1360
914 275
1964 2986
2667 2823
2155 1724
912 783
113 884
1314 2971
448 2829
1376 562
2477 215
2401 2488
1828 1938
14 2973
2078 2801
2436 1744
2891 2416
2136 2829
397 1527
1240 36
862 2475
2649 2675
743 1557
2236 398
1607 2868
614 1534
2602 2586
858 2222
490 29
1247 2746
2632 1102
2033 1552
1707 965
1141 1308
13 1225
2809 559
2944 1577
2978 2339
403 1955
2364 11
2341 1019
2426 1431
465 1303
1601 2892
386 2976
2918 1080
2001 1500
209 1517
2573 1656
1777 214
2613 616
2985 1122
2651 816
2540 2814
96 1174
1723 2329
116 1926
1582 899
1552 93
137 2818
1012 1069
2967 536
2901 1325
883 2583
2214 224
354 2053
2562 2879
2211 2290
402 2215
615 821
630 1967
2405 2729
1967 1052
968 1672
2823 886
2625 1686
2293 1679
330 812
1723 1915
1902 19
1947 1922
2844 1227
2612 930
416 1345
1552 2916
2749 2946
2696 2816
709 1573
687 2121
463 685
989 39
566 2056
333 324
2236 637
219 1693
2582 1095
2903 590
613 2007
716 2575
2535 820
2750 2208
723 42
380 1309
1428 988
411 2528
609 853
1368 1319
174 2368
561 1067
322 2817
945 1490
2366 2364
1881 2243
2985 526
1604 1749
1268 1742
2517 2093
946 2870
1685 1923
1877 2141
125 2907
344 1801
1597 1091
1322 523
2828 958
125 494
1323 2917
2945 503
2021 816
2811 1262
2187 877
724 413
1788 657
1400 667
1774 298
1070 2988
1651 144
2228 2677
1202 1060
2464 2146
1464 2259
92 2995
180 1439
606 564
1158 580
2255 2844
978 2978
2705 1372
2633 2118
1732 188
1411 2529
413 1270
461 2677
329 830
640 2985
218 2007
297 1917
2311 489
650 1864
2225 1383
2492 2553
2701 2459
2275 1183
852 903
2952 2543
443 1669
1158 813
956 2528
1931 2091
2262 1968
205 1664
716 364
2475 2621
2738 536
755 599
1168 2221
1866 257
1550 1206
26 2693
1158 1543
478 1733
2889 2716
941 1312
2788 1504
1875 846
1753 414
1633 1208
1147 1032
2791 2224
884 2561
2917 2220
438 2713
537 697
1849 2324
2505 2685
813 1014
1840 2450
1312 2669
906 2657
342 1268
2974 43
539 1313
1752 2314
2537 1968
2321 1579
1621 171
906 1461
2073 696
1984 1191
700 1483
1700 1668
2874 1727
1016 284
2106 1592
2234 1523
1052 2379
2213 942
2089 2381
469 20
2277 1429
109 1872
561 434
615 2388
2604 406
287 2615
2135 1245
32 2051
2117 1700
594 2775
411 2552
2918 2238
2744 2781
3 2705
474 820
768 553
945 268
1270 1452
2420 553
2072 906
1522 1262
2108 1378
1879 2636
1434 1546
1789 2323
1566 198
2820 128
232 195
2354 2607
984 2401
1359 1088
1885 2161
288 1313
2075 2790
1902 678
1179 2425
2116 1880
528 1637
2149 429
1165 2941
184 1466
1582 529
708 189
2077 2289
1037 186
1021 279
1760 2375
4 2336
345 1772
570 867
1994 2898
2049 2573
1385 920
2619 1146
1818 1948
777 2120
1395 1402
349 1326
2483 400
2272 175
865 91
2796 2884
2725 2969
1343 439
2287 2215
1983 2503
2860 1372
15 1623
1735 773
602 365
2916 333
2239 1942
491 199
1173 58
963 2666
822 780
2258 764
1411 438
352 1016
1663 624
2646 2179
1976 627
1004 185
1849 1796
2909 2217
482 2425
2732 1271
2415 291
1497 2259
2150 2335
145 268
458 2685
2728 2301
2424 1575
529 399
2252 2954
2409 1055
2295 1403
2069 427
769 2798
2526 969
1127 1551
560 350
444 728
2925 537
1299 2241
2647 2033
1911 1223
278 2061
1362 622
1474 2759
1653 273
207 2552
2905 2211
2603 2837
1819 1001
699 2808
2960 1923
90 296
1169 2637
2012 1696
1913 1562
104 1631
565 397
571 66
1429 672
2144 1598
2048 1840
2807 2287
614 2791
2160 2913
998 1490
620 2649
2667 464
1266 2781
2816 2712
444 1017
1148 2568
1111 915
2050 132
801 348
1126 554
2054 341
330 2971
680 2122
2059 1999
403 2825
1392 318
223 2648
1792 2948
936 1014
1568 1405
1811 1322
2496 870
2590 2464
2358 887
176 152
2038 2952
762 1153
1636 1893
1398 1388
2207 1100
221 1832
2184 24
567 205
1471 303
925 733
335 2995
1789 746
2858 1580
360 1772
2833 2928
1814 2486
1616 1924
1787 2260
2169 1540
2542 1766
1835 2382
576 1001
2173 1058
2383 166
2266 2672
1824 2811
1110 1819
2282 376
878 2689
1390 664
548 2585
1160 22
1626 2540
976 1612
2546 422
1399 2971
2866 2047
2134 1178
1123 2686
1273 399
1599 1966
2300 2907
1087 2566
1888 1068
1414 1535
1381 1868
1005 2792
1977 1267
2699 1288
2523 2315
1313 2249
2766 620
2987 2043
1381 1067
1178 1769
1640 1127
1778 1971
2136 2820
347 1622
2673 1158
377 708
170 2351
2168 2694
586 2867
379 1695
2131 496
2377 603
287 1679
