7000 7000
5533 6844
5005 55
3877 1292
1172 3095
6047 5686
811 385
1211 3011
1336 2042
6019 6560
1027 5618
6468 3739
6235 3948
5310 4389
1307 1160
4414 2519
1478 4533
4548 5548
6690 574
5972 159
1716 1570
5903 3743
709 721
6273 3195
4302 2776
1581 1937
3810 28
2634 2410
1957 3285
2362 2679
6801 5546
1032 4993
6827 5451
1864 5841
2929 5313
3622 4382
490 521
4216 3801
2326 78
5180 970
3904 6966
5224 1847
6881 5505
2674 4190
5909 2248
5641 4298
3028 387
5733 5287
5166 5772
4444 5800
2136 5116
3452 6174
6824 5497
3164 5674
6740 2095
2175 6661
6440 1675
3700 2088
2795 3164
2613 6950
3034 5090
6476 1946
3563 6087
189 2490
148 4830
1286 3631
3972 6919
5692 6689
2738 3489
6670 755
3855 2857
694 1808
3564 6290
2029 94
4377 3879
2398 2033
1767 6054
1976 1314
4166 4104
6609 4090
1682 1886
5221 3397
774 6754
2273 4469
1895 2461
621 1290
2631 5307
2333 1319
4593 512
6419 6944
859 3062
2792 2355
6541 6705
1407 6304
5293 5697
1524 5747
247 6146
1209 3545
1618 6155
1713 3805
1768 3996
2169 3621
3027 2841
3460 1215
3577 4010
5333 5309
4346 3366
2602 1195
4185 5106
4730 4899
4281 4156
6845 5907
1426 1116
5298 5772
2593 1190
6425 1427
204 6650
3236 2030
5446 5895
3131 4965
4028 5920
2361 847
5182 6580
5426 194
5816 6114
3541 1733
1942 134
2377 5418
4116 2514
3075 5370
1723 4044
5463 767
5613 3576
6306 1054
6276 5677
606 6879
3820 4622
2226 3439
1834 1107
696 1558
3108 4928
6962 5460
556 6089
204 1345
5575 5161
4274 4895
325 207
2363 624
1439 2150
4545 1771
5798 123
1917 513
1949 3468
2836 3935
1218 4497
2533 1325
4742 6565
1274 5826
4386 5985
6040 6421
508 2775
2139 5240
3505 5124
4914 1104
1407 1086
6700 6905
884 1655
1858 342
3456 685
6118 5240
2322 3741
3512 4672
5753 1765
6544 788
1536 2966
6012 6134
4831 6991
6821 2111
2210 1658
103 1676
5875 174
950 1471
3078 2123
6545 2382
2292 3138
1196 4457
6722 549
1477 5392
2379 6650
3584 6246
3995 378
1597 3783
1900 2885
6063 2989
4007 6483
2147 3531
1722 6052
5819 5800
6556 1760
1033 5662
1629 3200
6628 3580
908 3987
1814 6231
4847 542
3801 3587
1028 4883
1330 1649
171 3271
1556 6057
634 4698
3894 985
4316 1611
2302 6126
1782 2998
3940 4859
4735 2176
4748 88
6264 448
1796 5106
1710 2720
797 2029
1346 5970
923 6969
4436 2459
2877 4435
5761 4881
6654 5563
4303 1545
391 1097
5104 5065
6991 3309
2769 4550
5912 4630
1835 15
4410 4569
6524 3163
1576 5486
5278 6428
5482 3455
839 6368
2784 6032
3981 3264
1519 146
6440 598
1210 369
1098 833
424 6666
1136 2397
5319 2861
5968 1062
4426 6
3973 3974
1859 2403
4138 1009
4820 513
6752 6077
5431 4444
3743 740
1563 3013
5278 1754
135 3525
5130 4662
6393 5797
1646 2724
5657 4537
4724 37
1081 419
1913 6824
6478 3186
4383 3610
776 6918
1507 4444
1001 6525
698 4924
3438 717
5697 3275
6079 1210
6921 3468
4536 3144
2258 3747
2859 1219
5350 6971
3391 2849
4255 3532
1468 2185
397 171
6633 4575
1920 3115
3854 3101
1513 5528
4307 6589
532 2530
2607 4838
5348 4797
198 333
4457 306
5698 2566
3405 3530
3318 5235
4844 1867
4585 1724
267 3628
3579 3947
6015 5907
1751 598
954 4369
6569 6455
127 3199
4371 676
2337 3137
2438 3366
6179 6974
3385 6669
6549 3016
1550 2105
3451 1965
3473 1177
4644 84
132 1790
6251 731
3670 2420
3167 2955
5655 2633
282 725
4045 4488
647 4502
4213 4142
5312 2982
4441 3043
659 402
73 5021
853 100
442 510
608 4140
2411 5481
2115 5193
6591 6074
6120 47
473 942
6733 6011
4000 4339
4611 5806
6805 6917
4939 6489
2715 2195
6529 3783
844 4441
2874 4073
4575 4172
560 687
1425 872
2069 5510
6119 621
1831 1685
5874 5275
6143 2079
941 2203
1199 2657
2904 2325
226 1450
3051 2344
581 4213
5094 2073
4847 521
4978 1507
3978 3704
3274 5773
6580 1192
6722 6147
4852 5415
6479 2124
1749 5636
5071 4412
5780 3191
4670 619
5247 3647
2784 5456
3430 1944
1895 3779
4523 5926
620 128
6720 5583
5122 4560
5271 5527
794 5324
1291 5420
4085 1108
420 2140
2144 4897
2342 1717
6747 3032
5810 801
6619 406
118 3139
2453 6470
1828 6120
2560 844
2165 1027
5820 2120
5264 18
2937 4331
5038 2211
259 3529
6444 2418
906 6324
4708 575
132 5327
1761 3715
6888 2742
6597 2670
5638 4268
5811 6282
6938 3982
5633 4299
6703 219
554 1594
5236 4326
450 3270
361 4826
2751 6335
5707 2586
6523 5869
6980 1205
1459 667
6086 594
6420 3271
1284 5310
3932 513
5549 3843
1416 3264
6289 638
2682 852
2913 1942
6156 1558
4047 6840
3762 1362
993 1549
6453 233
3655 4908
1398 2295
3676 4591
2371 2425
3407 4398
3848 3291
1278 3843
3975 6140
631 6900
1225 6786
1101 3870
542 2393
3777 1481
2403 5442
1909 5999
1330 1057
498 2878
3666 4082
4781 6009
6953 1500
1825 503
3666 2149
5051 714
5937 6637
3919 300
6428 5560
4255 1772
6996 3839
6905 2384
3437 5641
4854 5011
3321 6237
3270 1882
174 374
2957 671
1724 1285
6300 3593
4128 6705
6646 4964
4272 741
1599 854
2535 5890
6150 1959
2008 3546
482 2811
316 5892
6837 5633
5071 4136
3725 4967
3215 6914
3247 6216
6816 3881
221 2467
281 6583
3463 6535
2877 1225
4590 2794
1921 430
130 4096
1165 1020
2391 2336
4406 1856
1973 5642
2084 2880
5095 2582
4294 1606
3764 5856
6745 5497
2135 1324
2081 3812
5767 6543
1305 2863
4936 3892
3831 34
4431 5428
6337 4790
4629 455
3571 2100
6564 3199
1235 5707
2139 1008
1156 2163
1278 2386
4174 1578
155 6966
5572 5425
3899 6843
3349 6367
6258 5168
805 3705
1383 6895
4777 5505
4162 4490
6365 4311
1525 5405
233 1044
1269 2332
6042 995
1946 3731
3361 4127
6361 3388
3155 3749
5733 3865
3644 4369
3553 6372
5092 570
4897 6557
705 6960
189 3148
6237 305
200 3222
6946 1129
941 6120
1060 6930
5019 1183
2454 5084
2366 4233
6688 4926
4790 4035
3447 6539
320 5330
4098 2664
3946 4168
4481 744
5015 6087
6158 4268
6974 3003
6999 1280
5914 1956
3647 3736
5382 3311
2503 6415
2499 1054
2293 2890
4792 1605
777 5189
141 1922
2080 5100
5291 5538
1250 4871
5571 5816
2095 6688
587 4648
6812 1134
3264 2903
5979 5858
983 2242
3571 230
318 2530
1843 5229
6588 6461
1673 1965
705 5472
4323 813
259 49
6127 2189
6378 1934
5850 3261
718 1801
2762 5586
47 5888
6402 1549
2170 1671
5218 5797
2678 6470
4080 6468
6060 5211
2889 5358
1483 1882
765 6378
2979 4809
5676 5036
4426 608
4254 2296
6240 914
3492 219
5281 2413
473 5220
459 3887
4794 2391
3553 4201
147 529
4905 849
4035 5792
6600 4900
854 3944
912 113
1716 6449
227 525
4374 3266
5460 2315
5967 4889
3572 4542
5695 1934
6749 2196
749 2204
4841 6284
4781 3146
6925 2266
604 5578
888 4610
4941 6415
4155 3330
3717 924
809 1839
5671 5955
880 4435
2603 2979
4470 2095
3301 390
216 2471
2115 4028
5154 4844
4995 6155
1523 2166
1855 1780
732 3547
5471 1706
4861 6094
1879 4227
2373 4446
2295 1205
6105 4588
213 5710
6854 1061
5506 4719
2816 3162
5914 5095
1753 3424
158 4783
1715 5500
1841 1761
3561 6911
5374 2525
4045 5387
4739 2781
3237 5140
1490 3316
6420 3411
5166 556
3606 4797
2737 1606
379 2365
2221 1952
116 1264
4788 3721
4560 2421
3830 4622
3442 6217
54 1882
137 3072
1058 3484
462 891
1692 5252
6284 6972
4630 5030
2958 5260
120 4756
550 1590
2379 992
3961 3169
181 3929
3100 6739
4968 1877
5755 521
6786 4795
2614 4370
1488 6745
2820 4123
2209 6016
6163 6836
436 4023
4587 6622
5149 3901
5959 997
5302 3697
371 1826
5576 4732
1639 3445
2866 6467
2899 4891
4971 195
4294 288
2512 4149
3001 32
5024 2248
4572 6294
1186 3358
3340 6065
3165 1631
1795 2209
4653 5680
3587 5508
6306 2014
3661 2299
4498 2303
2857 2706
3734 6818
4613 5359
621 3056
2350 4926
673 4329
5452 4857
4207 3051
3956 4543
4247 2920
3970 53
914 6068
49 6113
2948 2964
1409 5536
2055 2406
1092 3285
3456 3844
5123 823
3550 2049
6082 6107
6561 1253
30 1466
5662 3132
6217 5209
2529 4989
2039 6766
319 4360
4651 2893
1437 3376
3338 2325
482 3117
2541 4849
219 2979
2545 2983
2054 869
4123 550
2731 1882
2355 1965
36 2775
3176 2959
851 797
3469 1038
1892 5069
3050 5700
1057 4754
6596 6231
2901 1673
4388 4163
914 2980
1380 930
1937 5098
6315 2973
312 1371
721 2669
2452 2955
1907 1187
3562 690
3371 6040
3802 769
6805 647
1186 5496
2549 547
1773 210
174 191
2002 3972
2951 1807
3253 2193
2144 5234
4088 2752
1460 4250
2892 5063
557 3557
5934 5258
4103 5131
4317 5622
5952 2155
3914 1049
4673 6675
2654 4988
1071 4306
688 556
367 6351
6905 5862
5187 6630
5673 1611
3414 129
2592 2742
2068 1878
5352 673
1473 492
3144 2745
5754 5493
3176 5096
2282 4854
2949 4440
41 6237
5835 370
5083 4916
3502 691
249 1920
6258 5061
6139 3
4063 452
286 4256
6685 1651
1935 5065
313 6918
324 3066
1671 1890
3003 5115
6437 4001
1822 2042
1332 3699
3620 3328
5334 2747
2789 4070
1732 1032
241 4028
4389 5482
5069 1028
2598 5633
3889 418
3912 1075
6462 6185
29 1483
5826 284
2439 4419
1025 5269
1689 6674
2515 6873
3783 2966
2387 14
2192 2689
2574 6793
1216 2428
1938 6667
2882 3004
2527 66
732 2854
2289 3586
980 1704
6542 6
1967 6416
119 6098
3179 3822
3775 4124
2394 6262
5586 1817
6712 6522
6895 685
6834 1610
4943 2497
1541 5472
525 1499
3437 2116
1359 687
327 3474
3699 4205
2254 217
6488 1569
5064 1542
1038 6921
225 3336
653 4188
5474 5354
610 3191
2001 3879
6555 2353
5246 1126
4579 6967
1386 935
610 2150
223 799
6467 798
6170 470
1486 2509
6058 6456
3763 4634
1275 5345
564 440
717 6296
5053 244
6180 2412
5391 3597
5866 2167
6743 6453
3799 5016
3170 3760
1330 3279
25 4824
2252 3259
738 2373
956 5011
2440 6999
5608 1610
6944 456
4688 2549
310 5941
1514 6079
2247 5445
2098 1893
4249 3417
4363 46
4321 4523
4536 4277
5231 656
5093 3029
1704 5664
4022 809
4458 2489
1884 5140
218 4794
3881 390
3378 1982
4366 5134
3094 3490
3114 4461
3093 2469
5625 5771
2958 6363
4955 3834
5823 5665
6833 761
2076 3750
2023 1384
3447 671
1324 6418
1438 2967
1440 2902
4003 5092
4027 4719
2594 5481
1393 3527
3871 2542
6389 4451
4055 5834
2535 4587
3494 485
3541 3027
4780 585
1089 2606
1479 4863
6587 4268
5370 963
3909 1267
3947 920
2054 3224
35 4549
3998 1140
6690 5031
5298 5864
1448 4745
3755 4339
4668 1463
3916 4396
5824 2207
2537 269
349 4339
3735 5859
3940 5286
5356 3300
2076 5013
76 2178
4745 124
5773 5868
4020 6192
1529 3986
1323 5647
763 2618
1683 2403
3559 764
831 6367
1835 450
3637 1409
3607 1733
4778 4069
3391 2714
6775 2126
4854 947
4101 2156
5865 4853
6250 5100
2151 761
3793 4143
3700 471
2521 370
4967 4507
5326 6570
292 2567
1612 4516
5380 15
6219 2102
5798 4331
4669 975
856 1124
1530 3321
5860 2688
5478 2813
5619 2061
877 592
345 5695
5894 478
519 3265
4870 2981
2297 3974
299 2179
3675 2674
1519 4327
4807 3018
6771 1533
3861 3249
382 1202
5145 5652
1923 4138
3637 6061
5401 752
6398 1956
6821 332
5387 5351
2316 4163
862 2547
291 1473
2204 224
1751 5975
4192 1212
3274 3484
5087 3398
4017 6029
793 1168
360 2047
6999 2212
620 772
2743 5768
6630 3840
3744 3925
6231 6302
820 5525
6761 6399
1901 1178
3693 4920
4430 4861
1561 3921
5596 6674
2241 3467
5228 3603
6491 1530
158 5919
802 2765
5830 6524
4826 3794
4293 6871
2407 3461
1100 2405
3559 4064
1732 2824
608 2785
1778 5993
4908 4552
1246 3023
6776 4789
650 4498
6011 470
3750 4749
4179 567
4408 1789
1765 5602
754 3348
5218 578
5449 1948
976 5094
3788 4776
2485 6607
2657 6779
6371 2661
2520 3200
2650 5959
1252 4994
4330 6699
1988 3314
709 3556
1700 6163
6400 5589
4747 964
422 645
498 2424
181 5000
6567 172
6630 4973
4268 42
6210 41
3139 6541
2618 2467
3530 2974
3936 6955
6556 6550
6185 1908
1730 3867
4968 4236
743 6980
3158 1846
2533 6878
2071 5811
3956 4699
5005 2432
6523 5069
4902 6074
4406 3453
1582 1375
640 3875
6752 3524
6774 3814
2653 5509
3401 2579
1936 4072
3399 850
5276 5969
1344 1193
424 6732
3646 2195
6388 6342
779 1515
3377 2294
1523 2176
5427 6725
5152 22
2314 3068
6718 676
6275 2020
3707 2522
4283 3698
3959 3944
2762 4650
6867 1302
5426 6507
2593 6185
5396 6076
827 2267
5365 4879
797 4634
3406 2374
580 6317
4570 6928
2621 4408
5661 2677
3595 3563
2708 70
4638 6798
3066 1963
5887 876
855 2791
2045 2053
3903 5329
3872 2624
6608 6313
5507 2088
5735 4221
4810 3646
1725 217
3522 2010
6935 1235
5290 2928
5505 5820
3604 2031
882 4650
2691 4723
314 6433
3895 776
47 3382
5922 2745
4999 4855
5314 5075
2375 5986
4344 741
3312 6786
3148 5469
5592 3128
4546 670
1949 1985
5858 543
2243 717
611 5172
2507 4069
4678 2662
4300 4
4929 5708
5640 5982
3826 1559
6357 6966
1556 5757
3461 3617
1361 4489
4784 402
1909 2662
3735 1827
1974 13
3388 1583
5615 3776
5577 744
6739 2657
6264 5161
338 1682
2812 324
6637 2101
3985 2725
6909 5566
4136 67
6297 1695
5119 1748
4050 519
2398 4055
6468 3946
3485 3357
2633 5196
3426 131
580 3186
5050 1882
2287 1309
603 3347
1281 6497
3570 2412
5174 773
4658 2886
5437 2045
1621 977
963 3782
4524 4144
1533 559
4572 618
4529 2334
2449 1693
4567 5021
2080 1000
5991 3819
2332 6424
1065 4744
1658 2411
3607 5152
2147 5831
2478 2684
1974 6526
5630 3643
6611 4578
1688 936
4116 5852
3259 1212
4973 1893
5501 3306
2233 2414
4425 6279
1470 1523
2832 913
2948 4081
1564 4791
2064 655
1821 3090
2165 5705
4873 6554
6701 5970
2838 4064
1914 2119
1374 1743
6525 4061
4678 4322
3814 3969
4885 5969
200 227
619 3533
5161 3099
6315 5611
1652 1909
2441 5679
312 1580
1840 3813
6918 4756
4055 6078
2979 6461
6487 214
3644 1140
57 4742
2032 1359
1291 2835
3005 5454
2660 6911
4099 5020
3460 1370
3324 6225
6227 6256
4891 1572
1740 1589
1969 1407
317 1621
5265 4488
655 5092
2678 3879
1325 5600
1524 5415
512 477
5960 6022
2418 5208
1989 4980
1207 3595
5783 1589
6789 6727
2859 6733
2789 4011
6300 5702
5472 2353
4401 3939
298 2536
791 199
5843 2524
6497 3504
5308 929
6623 1935
5208 358
659 5181
5909 6699
4921 826
3880 6353
1104 83
3457 2799
6414 5446
2435 1891
1298 2934
618 6328
2431 6114
5550 908
5427 6389
6339 5777
2452 1424
1699 5969
2891 2585
3248 6985
3948 6341
3184 2568
150 6241
1046 6847
6126 1601
6715 3868
6409 508
4200 5191
6446 5292
1446 6321
1403 5568
1689 3814
6642 969
3953 2891
1870 4081
4041 5759
6126 3950
2847 5968
2123 1761
4760 3953
2965 4047
6451 5134
3189 5512
3618 1900
6824 500
253 1270
4513 4320
1788 1154
6519 474
4595 3202
6882 4112
1239 1548
3754 3564
4291 6457
3254 687
1847 3142
1620 3435
243 2799
3161 900
3648 4485
5238 5551
5066 5331
4591 5913
6317 3823
4599 3221
427 2669
1849 5577
2421 1196
2732 5805
4616 5354
4805 1608
4259 5483
4395 5583
2029 6130
3386 431
6578 680
2878 3486
4207 6230
1880 6400
3860 4484
6248 6317
4486 6967
3132 1220
6304 554
3760 2935
5398 3171
2317 4804
4309 4292
1910 2268
102 3867
3531 6030
5128 5681
4843 6704
3907 1176
105 4714
6627 2626
4464 53
2965 3627
293 6075
4473 1556
1772 665
4874 6957
5924 6822
5256 1460
2050 4181
6754 6861
6748 2070
5424 1702
1908 4306
2126 5784
2658 275
2603 5864
5777 3701
6398 2587
1308 1570
864 3098
4546 5391
2969 5136
5101 2353
4262 2552
5732 2245
759 1426
1089 1578
6140 4471
5561 4370
2757 4113
5833 4945
2216 93
1669 727
2445 2090
3500 686
6137 2747
2491 6524
1237 6177
2528 405
3241 4375
5739 4789
2245 6714
3479 3927
476 4698
1683 3125
6738 4963
1155 1147
1974 6459
985 3925
1284 2456
4090 1489
2961 157
6536 6987
900 2798
6285 986
1553 4068
4 1757
798 6796
1993 1450
4660 6480
4874 2649
2211 4659
5195 1873
2115 4438
6519 452
6765 4000
369 4040
6652 6224
2455 598
5824 5750
2762 1489
3085 4401
4341 288
263 2004
6093 4196
4317 5744
3284 6736
6918 6762
2593 170
670 2566
5545 5356
2434 3897
2798 1512
2581 6049
2564 6202
143 4005
745 882
4520 4094
486 5247
5148 1530
3377 4595
136 5621
5498 4242
2452 4701
467 6645
6009 4650
2288 5087
6247 948
6634 2352
5982 1139
63 3944
1477 1330
3627 1048
6474 4737
6236 185
35 4148
3080 4865
672 3632
608 645
420 5002
598 4902
6871 1204
2205 631
4451 4634
2516 4975
5697 2982
4877 304
970 5363
6705 5770
1131 5528
934 960
3234 2850
4836 4524
3774 644
370 3992
1534 880
6980 4368
2533 1945
4931 4111
2801 1786
1385 5321
3206 6849
4043 4073
1255 1134
5856 2722
5990 217
6473 3480
2071 1321
2222 180
4761 6892
1330 6670
6886 4933
6053 4308
4873 3777
1298 1215
5846 4930
1409 2270
1609 4791
3682 3335
4626 2870
1761 6587
6427 445
5329 1281
633 5318
4527 916
314 1439
3023 1267
3856 2164
5958 738
4959 1294
6844 4826
1175 4577
170 6946
6975 1864
4503 6832
5386 1192
4606 6695
2616 4288
4585 810
5183 3961
6850 3513
1907 5658
1015 2426
6307 2303
958 3940
691 1950
367 2592
1155 6184
3193 1507
2393 4387
609 6372
5107 2686
4919 6360
3270 2687
3490 6382
5674 2988
2871 6680
995 521
6315 1956
5754 2599
2088 777
2963 3430
1154 5825
6470 4588
5421 4558
6156 3031
1002 6721
2460 6663
2698 1201
6137 4055
3497 6889
557 4780
82 4672
3533 4526
4409 2152
3217 1100
4495 5888
1745 6603
6022 4173
5951 1577
5907 4373
6338 5938
1009 6184
3541 147
6475 5495
1149 5136
731 305
6546 100
2365 791
1842 2781
554 410
4342 1478
1072 6386
5679 3485
651 1774
4082 1301
6273 5078
360 4602
1117 2612
6804 4408
649 643
865 400
5051 6410
5413 2162
4715 5882
6586 3871
4914 3195
4843 6110
5420 5110
469 5059
4400 219
1186 5821
2331 4378
5780 10
1491 6195
2788 484
4410 2134
5527 1667
2090 4789
3270 5946
4279 2332
3118 2090
3787 1021
4631 6563
412 4596
4419 1168
4097 602
3062 5717
4675 421
22 6166
6347 6600
5542 3530
3990 6797
5076 6737
5830 1152
5198 2809
5202 3903
112 1720
5882 2341
5443 1148
3691 3977
5965 1478
5966 4979
1791 1997
5801 4919
4497 884
6658 6514
2571 3342
2138 3380
36 2542
2609 3226
4036 1028
4285 4265
2319 418
306 2061
6774 2026
1335 5738
3651 629
2715 572
5425 6782
4503 3885
3702 5751
4629 4921
2315 1304
1760 5108
5685 5219
194 4573
5466 4904
3432 3160
3924 5568
262 5173
267 2247
3721 3964
3706 6766
1479 3697
1243 6414
4133 1644
4805 1388
6173 4943
838 4943
2832 1841
3522 3460
4503 2317
6768 3498
70 6904
5040 4561
5708 2691
231 5147
4044 703
4129 1553
2384 4542
6445 2094
6883 2970
6359 1721
3450 445
3208 4396
468 2930
3867 4709
5775 3937
46 6515
6942 2798
5831 4097
3016 1601
1889 3231
1936 5067
6633 1872
1096 2351
6087 2911
2872 757
5337 5286
1817 3496
4910 1751
1806 2548
888 3212
6722 979
2849 3418
2653 1412
6253 2240
4729 6425
4098 812
3478 3855
1915 3882
5669 2595
5398 2055
3643 246
58 4593
3625 4483
1889 4827
475 2197
4218 5922
3110 1202
4586 874
1873 3580
1577 2757
2212 3515
149 2669
232 1808
13 436
3330 4182
2996 478
5751 2191
5406 582
4476 1713
5301 5290
4019 5535
797 4877
6694 6944
1285 1411
4191 2202
1786 2913
634 6382
4238 6244
1942 6436
6264 4220
5583 1957
605 1620
6434 185
4943 3190
5033 5904
4724 6150
3896 219
6193 2844
2728 2560
4301 4616
6201 5130
4588 1774
2522 4682
6460 4674
758 2033
4403 1753
5778 2624
5598 979
4184 2676
503 4393
6353 3456
6335 5889
716 5073
4719 6104
6470 3991
4172 6456
4388 6117
2423 2902
1610 1241
4503 1568
2059 4246
2578 5850
1925 3324
6720 6040
2402 6040
2965 2154
6359 1627
5574 1878
4486 1137
2631 538
1697 1367
636 1077
2531 3982
3567 4379
4474 4565
5483 4162
6256 2889
4369 533
3796 356
5284 1871
1298 3255
343 6705
539 548
6282 2710
576 6305
3914 2955
894 5712
480 2524
471 2567
3309 4429
5980 3406
971 554
5051 5847
5044 687
4209 4503
1249 3485
3070 5402
2482 390
5179 4588
5915 5998
4673 2107
1610 4635
6777 4703
6853 5308
5261 739
5766 2002
5529 2086
5926 6098
3627 452
5816 2605
5471 4076
2901 3568
6929 4991
3819 3434
1943 4003
4182 602
317 998
3947 4388
1829 1908
6333 4308
6547 5567
5388 4591
4843 1723
4386 4452
4828 2122
5406 2641
3622 2018
2064 4904
6434 6365
887 404
5931 6804
3679 547
1550 4595
5444 36
1371 4770
3772 3532
6873 6244
251 3945
4169 251
2059 1952
664 6721
409 3502
2902 2719
2044 2643
4170 1169
6881 3172
1760 429
5529 4312
654 5326
4835 3546
2831 6647
649 1606
2341 4209
2437 5969
965 2075
560 6040
3782 1072
445 6103
5704 3791
927 952
4522 4941
396 207
118 1265
3772 2753
2742 6444
6402 3314
2675 1950
1882 573
705 2054
2300 3167
829 5531
1130 1634
102 4754
5821 4477
5656 5770
1771 5012
2755 402
4354 2229
4132 6525
6701 3625
3246 2464
6334 6707
1872 2242
685 3253
5106 6631
1971 3232
5368 1149
3207 3875
3283 1272
6398 3790
1768 3062
1604 2586
6880 3590
6489 480
2463 4121
2022 1137
6468 5415
124 645
385 6712
6228 5926
497 1643
5862 145
4336 515
4470 3693
2795 4476
4651 3732
5991 680
1930 5918
538 616
2526 5946
2333 6327
4925 3799
3228 4472
4159 200
1544 2380
4247 116
1764 2078
259 333
3846 3777
898 5388
1212 6857
4742 4404
3079 6580
5454 525
1492 3944
1301 602
2569 1796
3745 5697
3125 203
4674 4573
365 3660
290 3072
2225 6453
5874 4746
6906 267
639 1428
6110 1543
1403 4580
4128 5956
6853 4980
1055 375
5968 1987
3191 5014
521 2244
4237 3062
5951 2368
5352 4758
5323 6903
3326 6558
3542 1034
5778 3993
3623 6092
2937 5557
1868 6201
4081 5927
3021 3210
5459 3018
6353 900
4391 1508
5750 1056
228 301
1516 3862
353 2165
6470 6429
4144 5059
4509 1969
5272 6217
1313 6388
4783 5615
2247 5772
5269 6652
3173 5053
2435 3287
5240 286
3286 1747
4174 6789
6436 4276
5814 469
3606 3416
1889 4584
5916 5632
4478 4252
3281 1876
5521 2564
5478 2545
4152 2110
166 3334
5110 1885
2086 4730
3736 3594
334 648
4996 511
196 3868
3905 3228
827 2226
1590 1978
6414 3838
333 5541
6468 271
4957 363
2680 2099
4156 2626
2135 2285
3571 2459
3615 5057
1472 3212
720 17
6693 5650
2068 1618
5142 56
6110 2321
1737 1042
5959 949
4862 4404
4937 4915
2987 887
98 6472
1990 70
5617 74
194 5912
833 3303
5515 228
905 6458
2941 2505
6467 1529
3029 3321
6837 4151
4268 5107
4094 391
3022 1719
837 6901
5599 1927
113 1480
1397 6181
3740 6131
1575 2580
6013 4920
4839 2752
4245 1605
2997 2956
1296 1954
6710 1632
3747 4019
6662 4916
1514 6838
1443 3001
802 2716
749 2799
1118 3683
5944 1073
5092 1423
3003 3925
2648 1563
6594 3817
5441 1327
753 1887
599 625
6583 6613
649 431
6852 4940
865 2336
3673 4119
3093 3780
2024 3693
810 4409
890 5464
3955 2509
397 3536
5609 2944
2764 6006
6543 2058
2847 2721
5654 6326
4249 6313
69 2637
3922 3032
6066 5218
4038 88
5939 5666
5233 6695
3469 2673
1452 1020
4331 653
6491 4386
5314 2740
1091 5552
4293 5169
3061 6615
1905 2781
6453 4542
6773 4564
3742 4901
4684 3853
6273 979
3873 3746
3526 6132
5767 5653
6978 2796
3711 6182
71 945
1523 4257
5870 5578
1964 4845
5772 5522
6183 4178
303 2183
6859 3260
6123 256
4689 4850
4779 1873
5077 6395
1711 956
3069 332
3681 1379
5131 507
6499 1307
1825 5213
2874 5242
2246 2428
3606 345
1044 6597
3091 4423
4850 5529
6085 6412
2746 3435
2889 3108
1993 4721
2504 2702
1387 6851
3468 1641
5762 4794
3296 1565
5804 499
160 4683
4013 2145
5325 6933
3172 6123
5973 4644
1278 601
4516 2451
5370 2430
5944 3869
4111 2432
2330 4093
1522 5807
1672 2024
5462 5541
490 3838
4081 485
4820 3413
3283 5677
6151 666
2466 2989
6876 609
3365 4099
2042 2415
5436 4489
197 6366
2093 1325
3064 624
6143 1403
578 1073
2463 6479
6913 1865
6372 3941
4688 2381
5193 1653
3092 3175
4773 4322
5772 4547
4411 458
45 406
1720 689
5844 1654
2387 4773
2128 920
4236 937
3109 5626
3963 4585
4045 4487
5676 3186
5606 6263
6793 2873
2721 4679
775 1047
6731 5011
4124 1589
1001 4500
1238 6580
6612 2992
3735 12
2440 3646
3758 1404
270 4875
4725 727
6410 1778
4341 665
3798 2534
685 6721
777 4597
4763 5285
4199 1006
1630 3685
3712 4273
3094 4988
2805 2907
2943 1576
2775 6564
6770 5743
6743 6786
3536 6868
176 548
2751 5964
2610 6830
5187 4628
6649 5439
5310 3223
3475 5927
5677 1820
5322 4490
5585 6234
3110 2154
6777 5168
5785 4274
2977 4821
5454 745
2842 4237
762 916
106 6099
5715 3105
5211 5810
1788 5432
2625 1532
62 523
3534 5132
4446 5510
2381 691
2901 471
5928 5167
5965 2797
917 6482
1856 3322
3641 4234
6003 5360
6962 5031
177 4082
6958 1543
365 1769
3781 4497
4704 3315
6358 6422
3932 2805
4387 6923
2622 4199
497 666
591 2328
4320 4459
6928 2881
2618 3862
929 4155
2068 5568
5252 6213
1526 6323
3495 1854
1279 515
2954 328
4178 1077
4889 6469
2665 1353
3818 265
4459 2912
397 736
6354 5431
1620 2519
4617 6431
2025 2134
813 2544
4673 2051
5712 6835
1968 5964
4605 4746
4936 6363
2656 4289
1570 3167
1178 1108
1198 3072
4686 6542
3369 2417
1388 2131
1567 345
3857 6649
5355 6455
5869 3994
6349 4618
5140 2714
4626 5259
4825 3536
958 6488
3252 1279
4523 1638
463 4675
6182 6504
1411 5134
2558 27
2321 6756
554 2462
6829 623
352 3987
3968 332
6116 1160
2474 4495
5877 5582
5923 4879
1682 2072
5419 5049
6050 805
4408 3115
3264 889
4040 2971
2025 1855
1486 1838
569 1762
1300 4832
5316 1267
2720 2294
5521 1678
4610 5964
2315 3977
2384 128
1678 2353
6325 4368
5697 3014
2707 4833
1665 5282
4815 106
3623 2792
6991 6410
2289 5530
1984 5661
1931 3081
5150 933
2644 323
1537 1675
2168 1944
1834 5632
3804 6996
2791 2318
5898 3352
297 401
237 2227
1730 5491
783 1058
3078 2050
911 6555
4006 4126
6207 6544
2905 4927
2145 1519
394 4265
2764 6292
6420 2081
6624 2675
3027 3165
4788 62
1836 3752
6839 5247
458 1354
4191 6086
1810 10
2884 5684
560 2626
3320 926
4163 3114
6600 5789
3547 5836
633 5818
4668 6858
2065 2691
1529 4747
1302 6632
4341 4274
3714 153
1900 6843
5825 4306
4965 4065
5019 564
5111 887
2464 4744
5991 2992
2196 5111
1219 4217
6752 5301
607 3100
1235 1983
1396 1324
40 4723
40 6512
3657 6890
6471 1861
577 6796
5051 3231
913 2320
3 5283
1616 5707
466 5455
6902 4590
4183 5589
5505 1216
1480 494
6867 540
5606 5429
933 3072
5950 5946
102 3208
80 3235
686 340
6917 6381
889 5692
4030 5092
2418 6318
969 884
421 4320
5377 2295
1858 3229
5412 224
1519 2310
2486 5928
605 2653
1116 2805
2907 788
1337 2507
302 1997
4187 5017
6731 5946
4875 987
1980 4755
4371 1556
659 1192
2643 2831
2168 3771
418 5107
4389 6482
6892 6883
1959 6462
2384 2545
1124 3614
1317 2753
5318 6649
6156 3579
6289 945
1674 1910
1292 6222
3127 3804
6411 4917
2051 1614
4091 1042
1574 3440
2323 591
2564 6023
3206 989
3096 1838
5804 1854
2554 4479
1672 5827
2042 6674
2476 2527
2971 1297
3154 3808
4174 1791
522 6875
3539 568
561 4180
2930 1251
6241 2229
945 6706
985 3608
6705 5631
1875 1676
6324 3584
13 5526
3147 6418
3178 604
2126 5460
5660 5484
3956 4432
4409 1645
2847 4312
5894 5985
382 1700
4784 4791
4845 4021
1601 2883
2591 3184
1007 1287
2372 3594
157 1195
1391 217
6134 901
6245 3367
853 3103
3007 6048
4399 304
4909 3217
3924 1303
573 450
4713 838
624 1895
1804 2144
1114 3746
4850 4023
4926 2613
6045 4606
6373 6037
5715 1810
4738 3011
6116 6563
3645 3963
2992 3461
6873 2350
3244 3396
2222 541
394 3466
405 6993
5196 2199
5320 494
756 6422
62 556
226 6773
1232 1299
6416 2892
3686 707
6844 1910
227 4019
1242 3583
3577 4776
3268 5658
6746 5134
5184 4115
660 4593
4152 5239
6464 4519
1660 4047
4504 1594
1004 3201
6907 1900
2143 961
6632 5322
3603 4336
5734 6533
4044 6013
1521 5253
520 1290
1177 2626
6190 5652
762 4702
5887 2089
927 6076
6188 3016
2391 2787
5610 1528
4693 6866
5723 3980
4322 651
6818 2439
1132 2727
6828 1184
1414 3064
6775 5411
1325 4183
2450 1207
1992 5545
6409 4460
1584 144
1045 902
1622 6571
3903 3247
3613 1059
4007 5629
5565 3198
6184 2127
1869 4919
6179 2666
4617 3778
3112 3722
4204 4045
5881 6439
2142 161
594 1431
2909 5966
765 4206
4094 4404
299 4537
6023 2984
4037 3800
4083 240
6516 6711
3258 1595
4320 2450
4658 6835
5841 5189
6993 2496
6668 261
6323 281
5565 512
3517 5008
5229 5413
993 3335
1374 2995
5856 3151
3888 5173
1140 655
5779 3792
3364 2728
5483 4026
6798 416
5734 6407
3863 615
4170 3267
4431 6576
444 2932
2891 4474
4404 6562
2921 5147
1909 3454
5450 2133
2054 1630
2752 5114
3930 485
3876 4018
2929 4483
6876 6864
4194 2302
202 6298
4801 1545
6879 2855
2671 3765
2970 4741
390 1253
3481 6116
4200 642
6852 4368
1599 230
576 4272
6332 6764
4260 3960
4806 4148
4188 4594
5690 406
6478 6040
5170 5930
4753 3418
2542 4345
5245 3969
3659 1818
208 2403
1419 4744
5584 2083
2362 6653
5963 72
5254 6215
4413 743
5865 5619
5291 2705
6660 1955
2467 6788
2849 6255
2705 5117
4883 1893
412 5621
1237 6091
1356 228
4811 6883
3455 5131
398 5107
3447 6800
6812 6982
1223 6909
1888 1018
6086 5785
4170 5924
1299 2787
1149 6851
4160 6459
5852 2891
6015 5576
1391 3467
552 4097
2804 5571
5277 5752
977 1258
494 3971
4555 1733
5549 1699
2219 915
5258 4342
5917 4025
2363 5337
2132 5752
2691 2423
6522 3986
6943 3064
5554 1425
3286 5179
3183 6169
1952 5000
586 1823
1963 4405
414 3930
1653 935
1956 3709
3148 5763
1546 4682
6007 2065
3876 4784
6077 2496
6625 968
6113 5565
6923 5004
3253 1884
5971 5005
3055 1096
6169 5325
2850 6285
3996 2046
6016 3197
1832 3428
1680 1446
1070 6452
2978 1883
3291 2634
155 6735
1908 5770
291 366
6992 859
4567 1083
3274 6599
5946 3357
4605 3419
3332 3218
6046 3469
6598 6467
1060 6130
6544 4935
1510 264
4532 4291
6272 2298
4996 3151
2205 3097
5533 4726
5395 4854
3269 2578
1617 6667
1530 617
1087 1037
1168 3503
3233 2438
1110 4878
2533 430
2539 2552
582 4247
6050 1116
4657 3336
2861 6174
3242 4828
1199 3444
3966 1506
6039 3856
5061 4923
6978 6549
618 5156
3215 3108
5959 2914
5569 4989
5246 2914
4240 1327
1661 3032
6760 6461
266 6570
4099 1684
981 2989
3715 4991
5399 4609
3728 3569
5168 2986
2574 1840
4387 5683
2299 1782
2104 3505
4301 4348
6099 1925
3782 2046
4885 201
4478 1384
2531 3945
5500 5889
3973 1680
5342 697
2228 6054
848 4169
2063 842
3689 5462
2522 4463
1668 3219
4166 3223
4715 6099
2928 722
5302 3989
866 2255
4544 5176
6875 3326
6242 893
4539 18
3646 6969
4449 3169
4501 3725
2950 6333
6455 6240
2510 5331
6097 6340
5067 1808
6673 3307
5211 3935
5659 5345
6268 109
3221 3193
6846 932
5581 610
5506 5728
6313 4970
5785 3552
3086 4722
1105 495
5067 2941
817 562
636 1405
4391 1633
5526 6728
1975 2351
2342 4372
1667 5993
1086 4351
4301 5897
3361 2842
2049 5130
1851 4557
4890 2290
1823 5495
2295 6456
4820 6576
4401 3938
1646 3032
5138 3803
2831 2614
4298 3837
828 3560
2676 3727
3664 5048
693 3682
4265 3168
1736 1776
468 3456
1931 3914
5208 2370
4429 1233
800 1460
98 5811
747 3765
6458 6791
1515 2647
6260 5177
3154 2894
5199 6597
856 1712
3906 307
4163 1181
1641 1838
1903 6722
6827 3086
4621 5479
4029 480
2016 3963
4023 5316
2592 2384
4759 6515
3525 6444
6341 6908
5661 5492
6955 5908
4441 3459
6856 123
3080 905
6926 5927
2746 2505
433 6133
3467 4758
2660 1188
2486 2056
2230 1367
2537 5110
2238 2963
829 5675
5814 2724
5353 1398
6931 5741
2048 2018
2229 980
3043 5029
640 2318
4217 2147
6668 5920
4500 646
1417 4444
3600 552
1316 736
1472 4872
2909 590
1620 2925
2073 2574
3465 5711
439 4904
3490 1044
6870 6421
3145 115
4570 4413
6277 6759
1552 937
6183 2499
306 1187
3453 165
3610 320
2726 5883
1714 1189
2057 5105
1747 6255
2291 6662
224 4343
2570 6072
5553 6316
2632 4388
3602 6067
767 678
4784 3808
4131 4836
964 3146
4120 1141
3550 1520
434 6529
683 1174
5778 2899
5835 6217
2976 1121
99 1861
5125 698
167 4403
5667 3385
4693 2597
4478 2348
4810 6565
4118 1591
1781 1706
5739 1008
6713 6671
2913 5837
3787 3655
934 3925
1948 5276
6283 4482
1408 1633
6534 2280
4764 6171
3244 934
6842 4873
833 2450
4309 6221
423 5361
4001 3007
5533 5937
6993 1492
4155 1835
5823 6497
2685 5023
1271 5682
4784 1913
6289 6690
6228 1412
5280 1854
714 6257
121 1292
5915 2628
5546 6446
3092 354
6666 2579
4910 814
802 3627
3393 4497
2604 361
1946 5178
1590 2152
2505 5036
315 4766
3770 2443
5795 268
6177 5335
918 219
216 5040
1942 5750
2373 877
2542 1749
4942 6542
1883 1566
2868 457
3254 6912
2950 2033
3930 6226
2086 904
3512 5291
942 979
5684 1892
1603 4124
4400 2554
6863 4400
3446 3664
5127 230
4862 372
337 6608
3142 1343
6439 3464
4986 2304
806 739
6411 100
6508 1958
3327 5210
1053 5386
252 5345
500 711
3936 2640
3537 4873
1084 804
5480 3481
5161 2451
4004 491
73 21
5718 4906
4069 3522
675 6940
2204 360
4239 4366
1858 4116
6423 3864
5004 2338
29 425
4039 6251
4911 1996
3377 5086
2003 2401
786 6285
485 3197
2487 3716
1166 5883
1185 3933
4738 5930
6053 19
651 4069
6473 2536
6455 3517
2375 2533
2472 923
4970 2196
3024 803
1798 5998
5823 3384
6532 381
3065 575
1416 2097
2592 106
3407 6244
701 2298
3647 6939
3227 5532
5888 1351
6050 3941
3076 6070
5394 1289
4761 5220
478 5391
887 5894
6000 4245
1146 422
2812 4910
6583 6494
5128 299
4864 2326
5270 785
2347 3256
5138 344
4039 3899
205 2991
3233 3779
3176 3861
3261 1299
2680 6734
286 1382
6386 2489
2885 5758
5772 6844
5373 2696
4593 1588
4695 5142
1711 3989
2280 4074
3268 4904
425 6831
343 3955
4317 5611
2108 341
6334 4344
2333 1025
2748 1632
4657 4805
663 224
4743 2999
3785 1877
2449 6708
3065 3172
861 1496
1555 1425
6982 5786
3409 1850
6383 1888
2031 3622
1377 697
5925 6877
669 3950
5037 4266
5722 2009
3123 413
6568 2762
5168 3396
588 1820
2017 5167
6083 6198
2037 2216
2023 1828
5091 1780
4164 5062
5191 5449
6360 3522
5295 415
1606 964
4005 60
1040 3704
1935 4338
3459 990
5161 3143
5775 5825
3327 5244
3922 6156
4683 723
2101 6390
6123 3425
6447 6902
5700 357
50 3101
6441 1500
3946 3916
6705 6693
5361 2980
36 14
5110 2145
4755 1289
4827 5675
3376 2993
1522 1305
5788 673
1428 6685
4662 1588
2423 828
3693 4876
1830 5025
3459 3925
1360 6664
2745 5261
659 2311
3944 2605
743 3614
6872 5116
5589 5043
1914 1893
6686 4909
2044 1792
2809 1489
2936 1361
897 216
2294 3962
3713 4552
78 3303
6388 1704
4979 536
3286 6681
4454 6519
1270 1806
3432 997
3296 6779
2662 1010
2340 3082
3570 1853
6152 6982
4921 6454
281 438
6817 3875
1616 1966
4811 3902
3051 3322
2091 4085
6721 6501
4740 1880
6854 1306
4476 5434
1250 4875
2039 6208
3328 4917
5022 3001
4346 6750
5102 4406
3336 6926
6403 481
1929 247
4407 5470
3535 259
4545 3852
3001 3421
2649 2749
6277 183
3563 5824
18 6045
4117 4017
6367 164
1338 4401
5275 1313
1776 471
1076 1268
4855 2444
2385 462
2905 2964
3218 5978
1923 425
6128 4170
5908 3057
2282 6343
4585 2169
3162 4055
5330 5335
6494 3132
6325 2111
3366 2390
2099 3610
5900 6913
4637 2433
4555 1149
5536 1271
1639 4696
6282 1252
1041 6381
4940 1218
3711 3176
4144 5966
1228 3325
1088 5971
3072 6433
5400 1110
5532 807
2572 1072
1261 6289
2144 4064
1267 6064
4595 3689
4851 6383
4953 5464
2686 6189
6874 4871
2726 6968
1950 4074
739 2740
6296 74
1391 2382
1042 5654
6101 3770
2478 5284
5268 877
4128 3737
1655 2489
6888 5971
3021 1770
5093 6573
5675 6435
3099 2615
4887 2801
58 3254
2640 6357
4775 1348
320 1025
3841 6815
3516 6418
6385 540
1222 3649
3623 4624
1952 1057
2888 1112
3883 1728
5704 4511
197 4803
3102 6477
5510 4647
754 1575
3751 3024
1833 3733
4289 1207
6607 4225
2803 4141
6670 935
2341 150
4267 6594
4919 2042
6954 2453
1272 2550
3774 62
2973 726
3537 6182
6967 2146
6646 1676
1606 1106
448 6973
2869 4149
2424 5198
3607 6071
2539 174
2767 4735
82 1589
5651 3644
552 4754
6279 1046
6189 1349
6131 3619
391 114
4646 4560
4707 3248
6509 4625
678 4351
1868 982
4015 4697
465 4749
2631 1026
6865 5000
6142 4586
180 2517
463 772
1476 1686
689 5977
5414 2926
6467 1791
5391 3365
1823 1712
4354 313
5694 5111
1647 6348
3776 3717
4590 6082
5556 5849
182 3210
5768 6646
1345 804
6110 2703
1812 6654
901 2777
3692 5148
5133 1639
5224 3315
4351 6598
348 3382
1816 1200
1202 465
2386 2157
737 2367
6036 6184
1195 451
417 337
1760 6658
1388 2921
5585 6924
6158 589
4576 2081
5091 4024
5890 2588
3902 6647
6623 544
1883 5198
1009 2134
2269 2416
26 2846
1253 6565
6543 4409
5872 4631
1907 5656
1666 5455
1586 6815
3773 5703
6349 1131
1410 2163
6659 2477
5701 4495
2317 5010
2833 5103
5801 371
3912 2010
2779 688
4104 6454
4183 5405
6166 2107
6283 1313
2427 3380
5686 4113
6530 2630
6795 1704
2568 1521
1195 1677
2315 3966
4330 900
1133 5221
3900 6082
135 4291
4640 3877
1751 5284
5594 3614
4284 5645
4949 3501
807 3883
868 2989
6451 6837
3167 3103
2411 4615
4635 5645
2557 239
242 871
5791 6913
4107 5326
72 4200
1585 4494
629 2966
5238 3810
2050 2683
6794 3521
855 1495
2865 4980
4472 669
5276 5041
1571 3753
592 4304
4497 1179
5743 4069
6907 5386
1083 5322
4 5380
3830 6336
2313 5225
465 6032
1961 3670
191 2090
2136 440
1561 2605
3581 6644
3944 1876
3276 166
5422 4823
2236 137
2602 4290
2738 2140
3884 5658
180 2940
4443 987
799 6749
2487 2918
4171 4621
1460 1029
3487 6863
1390 90
1561 6622
3804 1191
5673 62
599 6348
3512 5653
2172 1011
3960 4552
2419 2891
67 1802
6397 4592
761 1180
2241 5285
435 5982
2175 651
1761 3979
6403 1069
5238 5089
6230 1362
1130 3502
2705 3021
1092 1884
1854 1087
581 3156
3976 3025
5297 1647
3992 4831
3517 1908
5057 930
3208 5467
4263 904
2851 5902
3610 265
2962 1875
3994 1139
3320 3315
4115 910
551 1708
2129 3256
6402 5749
2393 4239
78 572
442 1431
4666 2780
4602 1940
1276 291
6640 1474
5434 1972
5417 1266
3250 6013
6872 2544
6734 6251
3078 3921
713 618
5059 4451
2124 4222
518 6397
3299 3846
1191 6178
472 5982
2938 793
3509 3654
1349 6194
259 6220
4398 5082
5096 5779
5161 6071
467 4250
2532 4335
6427 1298
4169 3419
6377 3686
1555 2723
6585 3215
6887 4978
3075 4065
5800 2371
932 1156
1381 2646
3443 400
5075 2018
5355 5295
1874 5138
5402 6627
4379 5861
3181 2605
3793 464
1774 4267
4425 4139
788 291
2433 252
6108 2084
857 2671
987 6437
5468 3026
2631 2371
28 5245
1275 6687
4354 325
5919 2257
4835 3535
236 1519
6697 5798
5450 6376
1288 3987
6209 5941
1249 6717
1926 4396
3458 5386
274 6282
1751 2437
2101 6496
5505 6478
5271 1793
1444 1600
4262 6865
3150 896
3024 613
5326 6641
1847 6350
948 1442
3336 1330
5191 1593
1646 3681
6921 4404
6010 2384
5162 2634
4679 6143
5281 6797
3798 5923
6818 4096
1362 6956
2746 3521
5095 1451
2468 5806
402 1076
5177 6774
5012 2541
1882 3074
3233 3703
3053 3144
2766 6669
5757 567
4857 6241
2497 6505
398 3348
5970 6771
2507 1244
6607 3183
159 95
5068 4343
2321 513
4381 130
3533 3343
5676 3662
2974 2490
1619 3778
1355 6286
2548 612
6355 3145
6508 5223
6349 2465
3771 6212
2685 2168
2482 2223
4594 833
3073 580
4259 5629
6762 3980
3797 5557
3293 6332
4055 4046
6553 5737
5376 5321
5027 5443
1081 519
1772 5765
4794 1043
1827 3751
3870 6566
3803 5810
5893 6729
6971 3197
6454 471
4462 2286
4951 3071
4737 636
5102 3396
2333 6147
1499 3581
1288 3602
6014 696
1232 5981
6888 6505
968 2846
1543 922
1358 5342
1228 5875
2170 5333
6275 6455
364 4969
817 3857
6536 5778
4813 777
4391 5786
4481 881
906 149
3448 4772
1138 3961
800 3049
3412 6145
5271 3202
5852 4034
3233 5844
6687 1291
1701 6745
3013 4116
4729 5414
4999 5721
3367 4820
6799 6084
2908 1688
6879 6243
4974 6834
6985 516
6777 1554
348 2908
2584 5587
3371 1688
155 6718
1538 1048
4210 4698
2751 4169
1524 3854
4678 3456
6596 832
6027 988
2134 5774
561 5822
580 4161
6737 238
2445 6007
6040 3019
2427 2620
671 3102
6172 278
1994 1569
3183 2553
4633 1726
2954 867
5557 4743
2005 1552
2256 3400
19 629
2604 599
6247 772
3470 1460
5305 3940
5925 5261
3312 3964
5425 576
2513 892
6099 2184
403 1982
3301 4596
3335 3667
6333 6961
6079 1909
1779 6114
3990 781
6682 2426
1325 763
2893 3937
1911 1013
4538 6318
4144 4470
4061 4364
4528 1842
3733 2110
1698 4866
430 3932
1681 3340
3526 4365
2424 2050
1140 3954
764 2290
3779 98
80 6908
439 4690
5072 569
4513 4720
4468 4010
3092 4408
5518 1413
6542 6904
4069 246
1562 1370
199 3380
6810 5235
4489 4962
290 4928
2894 1453
2728 679
2507 6156
2385 75
1106 1560
3579 1993
5092 3012
783 4204
3557 5845
4508 1103
208 151
6021 825
2733 5000
6743 6271
1759 3314
5703 3954
3209 220
5115 6649
2744 2920
731 4524
2375 6602
1504 4513
1135 6447
824 2881
3931 1807
4610 1784
6206 6092
559 181
483 2618
1156 5957
4868 5466
1461 2379
545 4246
2980 4694
119 3521
4715 476
4408 6454
346 1406
1050 2652
1274 1122
2665 5313
4995 6608
5276 4446
3098 435
3020 273
2376 590
3640 2655
440 851
3380 5495
6553 2281
911 5681
3524 3127
2170 66
6684 465
5541 5858
368 3348
332 1978
6828 4548
1709 1938
2880 3290
3279 5518
5499 5591
4162 3942
3963 6212
6899 1004
2980 461
6858 4049
2752 4828
6055 4158
775 5122
4820 580
705 140
4462 420
5535 5086
2339 1462
5303 6201
6103 2526
3247 5029
436 2187
4305 4618
6465 4147
4434 3193
6498 3265
1263 2450
4093 227
1670 1716
4773 5128
3659 6156
4931 1870
878 4329
3454 117
5086 3936
49 6823
1447 1760
4479 5894
3736 51
1638 6636
3336 3386
375 1240
2972 5045
303 5826
1942 3886
792 4336
1828 6325
3179 1959
3258 3189
3951 3737
2086 2249
66 3277
237 1866
168 3999
2510 4294
4892 300
5456 1843
4073 3343
1772 2240
1382 597
1572 1498
6239 5959
2575 1520
1274 3930
370 4482
5980 4160
1516 2685
4802 5345
3981 2822
4190 3051
2138 90
5488 6383
1479 6178
5387 3458
6762 6565
613 4729
159 1728
1314 4969
4992 6058
3233 6723
6539 4456
258 692
2036 2149
2585 6856
1674 3918
4016 3140
6217 5321
2397 3830
942 4581
4526 5610
5035 1640
52 5733
4721 1459
747 5340
5392 872
4652 694
6523 3876
4040 5426
4375 960
955 875
1430 2591
2050 3844
1685 2390
2088 4785
5505 4429
1858 5435
3159 2363
4237 356
1836 1382
1932 6189
2890 537
1287 6180
2561 5453
6586 275
6513 4664
1581 1622
993 1861
5789 1346
3324 637
1487 4107
6809 3093
4784 6745
718 499
35 2147
6403 2292
5898 2679
5205 4647
905 3016
2795 6988
3250 3163
1927 309
2812 6556
3782 1503
328 5973
3277 215
889 730
1207 3130
1600 4684
3017 4808
1081 2018
6126 2129
1302 107
5092 1129
853 3788
2737 5120
2539 3060
5977 5187
4069 2114
4208 730
6208 5094
3130 5957
5613 4131
6998 1838
4884 4823
6065 4973
1581 5815
1441 6827
2959 6716
6020 4600
4058 5048
5114 1328
453 5869
4525 2391
6588 2609
1251 858
2442 6536
1808 2791
1742 5330
2089 914
3974 6521
4612 1815
1302 4893
398 5244
3025 6212
5918 254
1845 4464
6576 1952
4360 5453
3810 1842
1604 2408
213 2273
6433 3556
3875 2539
5168 4284
6089 5162
3693 2825
6482 6543
6763 5174
6680 6228
2245 706
4491 731
6838 3692
6374 3775
3770 6884
2417 4312
5306 1703
2447 6880
1481 2419
2372 6570
1331 259
915 3533
3237 1098
2002 3969
451 6481
5186 4641
3328 892
3781 5917
4663 6592
5224 1298
5969 3271
4406 1772
698 425
5296 1062
5968 5624
2192 904
732 4250
5956 5744
1295 3458
2751 2754
1898 6098
6702 3045
2891 1757
4324 4004
4556 234
1098 4490
601 2206
3882 5545
3217 1025
2382 5617
2217 837
4966 6346
730 2999
1698 1942
5180 466
6028 6945
5360 5155
6278 1353
1519 3127
6505 4596
4074 2334
584 601
3090 5634
2851 1607
5891 6074
5001 6774
3339 13
5768 6312
4083 3547
2133 4449
2561 1177
1555 5726
4524 421
5555 5668
1443 3488
961 3641
6706 4347
2549 141
4358 5585
1597 6453
1952 4174
3758 1612
5863 6854
3859 5698
5501 6448
6423 4584
6408 4160
1534 1040
999 3867
5935 6802
174 773
218 187
3086 1762
2880 255
2449 6018
2378 1357
1274 5968
6568 4536
3715 6747
1565 5149
1553 3241
5362 4102
4000 6557
3631 495
2581 560
4896 2605
1903 2764
3363 3576
785 4201
3430 446
3479 2716
2525 6803
4663 809
3282 4258
3601 4920
2946 1904
6473 6997
2050 1582
243 6425
5363 6992
4208 2861
840 538
52 3693
3960 399
1611 6156
3142 6077
2450 2576
529 3696
395 3545
1658 2804
3093 6639
2781 1929
6718 3177
1132 282
2380 5795
3271 6105
5009 4127
1908 6279
2638 583
4771 2500
185 4430
2072 3939
4362 5101
5203 1096
3158 4617
336 2073
1962 6304
2230 5346
2679 6657
5367 3002
3222 2830
6786 6377
4774 5685
1305 5288
5644 4810
4965 725
2958 2426
6203 626
3757 4978
473 736
436 905
1551 4703
6063 3858
1430 3617
623 1901
4249 845
5242 4067
5915 85
101 2334
456 3398
5045 608
4498 6162
5178 6673
2870 3504
6950 1863
3956 2048
3538 5931
1224 4482
1160 6981
5026 602
6054 4187
2452 5396
5314 3677
5625 3250
4562 6141
809 6871
6981 4445
6094 3282
1825 2212
5665 246
443 4637
4157 5163
703 6551
1677 929
2247 4712
2361 3571
4407 2078
6175 5224
6338 6222
1528 2142
2191 6445
5938 4553
4974 4022
1812 2564
3113 4409
953 1075
6998 4149
1098 5210
4148 3787
615 816
4045 6197
4038 3417
1768 492
1764 3157
593 4539
6907 2698
2581 4349
1784 2466
2419 1582
3345 3501
1057 5490
5227 6917
5249 3738
201 677
5436 3052
5444 4003
4984 6397
3930 4617
1488 429
6908 3324
4309 6213
6063 3558
5236 2311
6035 5751
37 3741
5957 250
2770 2304
3880 1532
2182 4419
2551 676
6696 3488
986 3184
5437 4726
3068 1098
1293 2142
3609 1968
5194 193
5474 1117
4601 629
3437 688
4205 4828
3118 3555
3788 4445
2578 5213
5821 1781
6250 2733
6930 519
3316 6203
2472 3776
2397 951
6374 5777
3804 1156
578 2464
4003 4750
5597 3091
2312 257
4142 4952
6892 248
6190 2203
5761 4333
1402 71
3861 6027
530 3120
227 5889
4654 574
572 762
6207 281
6458 5253
6717 5122
5322 2153
2988 1830
5332 1204
5771 3710
5613 3223
6850 6002
1496 5530
718 6688
5652 19
4881 5795
2668 1299
876 2131
4869 3860
4941 4442
5541 3561
3970 3867
5715 4531
893 4617
3841 6496
3047 1867
3240 3140
3940 104
5461 4424
1245 3164
5814 5857
729 1799
1797 396
1733 2011
4743 5622
482 1009
3579 2873
2952 2591
2570 5554
3290 4936
4045 5638
2620 1230
79 1668
3113 6930
4223 1299
114 2138
3688 4298
140 5401
5180 5648
475 5878
1494 6106
2032 5931
3588 1053
3984 1593
3586 3539
662 3732
6707 6343
3727 6900
6545 1775
1765 2166
1199 4932
3850 422
6534 4193
550 3372
5663 5362
6423 4749
1158 3417
6546 2114
2479 243
6504 4403
6807 1958
4828 191
5911 5818
6334 595
5097 6070
4782 2782
502 4280
890 3937
6611 2699
2679 6317
6474 4704
5315 1269
5208 2677
2697 5769
5605 2564
1938 1769
5015 4664
6726 3066
5160 4868
1282 1451
5137 3856
5736 557
1769 5957
766 6908
4411 4591
6322 4978
520 2934
1528 257
3756 2309
2499 1148
630 426
4081 4916
6541 3103
5791 237
1571 3376
5762 727
5732 4862
4103 6537
1078 6160
3642 1942
2186 2404
293 4969
651 1972
1028 4491
680 3726
2814 4229
5795 3579
5303 5432
3936 1234
6233 5245
5534 2336
3711 2497
3110 2186
5140 5369
5607 6766
2802 2231
3793 1735
3731 5567
654 3349
3240 2140
928 6778
4684 946
5618 6613
4588 5085
5255 610
4776 2469
6996 182
4434 836
5850 5033
3355 1455
6208 2591
1463 3002
5827 3986
2198 6668
6119 1743
6990 5131
6976 3099
5976 1970
3944 2542
267 2065
6633 2013
216 6851
1161 2888
5237 5132
4629 5307
2780 5276
6523 6900
1475 4393
2795 3820
3170 2637
146 6981
1360 4042
1441 3885
3978 5680
1173 2080
5883 4889
3595 5437
941 3847
1815 4657
1520 2724
1924 2947
4124 4096
6401 5293
5400 5939
1921 3707
1344 228
2423 1817
4516 300
3120 2041
3345 1658
1523 3909
2353 807
6404 1280
2693 4198
3283 3933
6702 5769
5175 1665
5478 638
3724 3156
5390 2686
5153 4602
2199 6772
3085 4940
1342 2896
3694 4361
6164 4483
1331 4463
4361 4663
3975 1420
1344 4367
5637 3394
3707 2482
3843 2143
6211 6275
6504 496
1383 622
5963 4962
2344 1552
6998 2193
4213 368
4956 4262
1554 491
110 6710
4675 1620
2412 2708
3600 4082
4209 2458
2321 3996
866 2219
4202 5455
4994 832
1602 2092
5498 2169
5672 1850
4598 6631
4880 5733
3558 6420
3581 1340
599 4034
641 3549
2950 6530
4845 1042
6355 1321
2908 1526
6496 6612
5995 872
873 2710
4622 3546
1152 3471
477 5118
1617 6161
2913 680
3091 234
4659 1377
2022 4558
2915 5091
6204 5083
1883 6023
3376 2032
2164 2580
4522 5834
1590 1006
1335 3272
1358 4942
393 2507
2261 6552
2473 208
2795 1013
1026 1045
207 3647
95 4055
6487 5309
5803 6127
3289 5255
6578 4747
4782 900
5185 1423
623 2702
2283 5531
5044 6855
4866 3023
3700 6296
4018 4647
2370 3622
802 240
3774 3247
2495 2862
5670 3947
1382 5974
5542 4998
5714 6073
3381 6813
2943 3172
3645 5509
1235 750
5268 930
5801 6169
2982 1685
1867 4985
502 5627
4667 497
1419 4629
2765 2577
738 1409
4327 6046
6043 6583
1954 4000
184 2593
5089 4071
3472 2009
1370 3679
5246 3947
6712 6154
541 3568
4477 3984
6050 4696
3359 5428
5640 1554
5538 2452
856 6538
3900 325
2533 2544
4866 682
3451 1261
4282 228
1117 459
6663 3093
1781 1799
6892 4285
6345 6407
3281 5267
1012 1728
6956 1789
4909 3746
268 943
1897 4669
1694 3096
6650 6684
4604 3092
5078 67
649 6118
4186 2835
6071 6248
3822 567
6068 6734
3332 6253
2054 1082
3317 6885
3129 2708
6410 5811
3556 3001
3229 1291
3635 2851
2793 572
4946 1324
2974 47
954 6096
1850 2591
1959 2702
427 1703
3199 365
6252 5412
1274 1308
5525 4330
6348 804
1566 2106
5421 65
2013 899
325 1087
1224 1960
5888 5051
4218 84
230 6326
4995 6608
6074 3805
6700 5385
2510 665
5384 5386
3249 2000
5996 765
6046 2075
5805 1245
508 2253
1377 452
2402 992
3693 176
2333 5392
3475 5377
2164 1293
4107 3812
2075 3593
5824 3615
5956 5522
2955 3995
561 2241
377 2652
420 103
5088 3560
1340 3105
6821 734
3706 1819
3125 5073
5894 1692
6568 4402
4196 3090
1678 214
998 4211
5324 817
3540 2894
1049 6003
3133 6196
1896 4764
5436 3985
809 5967
6704 6011
3206 5452
2322 1112
294 1478
3701 968
2962 1339
4087 6171
4319 1380
4712 3986
1763 5252
2713 6487
285 207
6207 6795
868 2584
6813 4670
1486 90
879 4569
1615 72
5368 5104
1192 2502
4545 5194
2128 3419
6979 3194
6232 5742
590 2909
5300 5813
3983 1801
3020 5432
2519 6480
5781 1294
2862 2912
3512 489
6467 5585
5466 6483
3471 138
5262 623
2040 2937
155 3605
1068 995
2943 5611
4522 356
5345 6451
2338 2021
190 2686
564 4345
3386 5712
1166 356
6300 3576
3702 207
546 938
6429 3990
4653 323
1257 2324
6299 3774
6917 1166
2781 5197
6186 4851
2135 1132
3627 6500
3338 6960
1442 2401
1117 5576
912 6730
5272 3433
4794 2435
314 3042
2434 3806
1588 3181
876 2324
3667 2108
3355 4655
5427 4793
1709 4576
1249 6504
6647 1620
3904 6115
3946 3957
1973 2123
6038 2205
1975 1447
1091 4855
5233 5421
1109 5838
103 4729
2510 3781
207 1325
6263 3143
2391 4878
3708 433
2349 1158
4559 3706
5824 4800
4199 6054
4885 3640
2389 5406
1983 113
1685 1571
5713 3458
4582 6899
6283 1784
6248 4220
4904 161
1579 1694
6016 6563
1013 2211
441 5099
695 4790
2921 4396
4483 5168
5881 5786
6703 4312
4912 3447
3743 2371
939 6279
4276 2652
5073 2904
3439 717
5869 6103
1743 628
1837 2503
5329 1082
1079 4752
6000 1636
6645 5794
6711 558
3602 614
2973 82
4534 1605
5689 4819
5144 876
2445 2429
5223 2017
6054 6897
2053 1343
5545 4096
3545 4166
1034 2826
4510 3474
6809 5553
298 1037
4067 1551
3859 5201
4937 3291
2991 6841
2337 6315
1438 6277
4773 6161
2166 862
109 5303
6053 4697
942 2325
4734 610
3265 3201
4954 2504
1504 2479
3769 6968
1787 1887
5780 5496
3410 5711
4623 3524
2713 904
6597 2023
5159 2349
1693 4046
4067 2096
5106 4080
4508 4806
6096 275
3286 508
157 6874
2975 3168
4263 4507
6227 2674
3466 6720
5474 2442
4582 3937
1175 1641
931 2368
1155 4171
6854 5155
2362 3640
2321 2932
4674 1189
665 1167
2699 3789
6855 6392
1709 4964
6054 5521
1925 6805
149 6451
5771 1089
6404 4331
3169 997
2375 6065
4326 5932
6014 3050
2315 3074
3702 5603
2095 3408
5817 4045
5587 863
4817 5261
6235 231
876 6276
4297 4483
2568 4450
5171 5553
181 2025
1803 3625
5854 5740
1441 1411
1796 6345
854 5452
1666 1658
1711 6029
3731 3040
3529 2117
1497 1166
6263 3857
4386 3145
6167 1812
2961 3389
1480 6798
397 6326
3907 6943
6131 3506
3921 2992
3146 4600
6832 6204
6108 2984
4699 3334
2699 2088
3342 2103
6263 5630
6236 6406
1486 6241
4208 424
3856 2423
2327 5130
5149 6968
594 6602
2633 3913
3703 4740
1038 4236
4958 4040
5470 6703
3134 5134
4377 2905
5307 3201
3561 5955
3771 3119
1306 4536
6523 147
1069 1803
560 3181
5290 1992
2561 5362
4231 5267
2084 740
242 5708
2049 3831
4801 1821
2332 3359
758 5045
4701 4670
6749 5593
5186 178
2862 4131
1954 3088
3433 6707
2968 3293
1905 996
2836 1115
6755 3919
2706 3591
4126 1617
3486 1788
2560 4729
613 5389
4053 4134
4637 1071
365 3948
3333 1950
6719 3310
4305 4345
3572 4381
3198 803
1075 6268
1765 2905
4338 3588
1044 2271
6494 3256
4063 2248
4028 4986
6660 2215
874 6553
4968 6432
2461 931
5507 6584
1517 2653
6515 4792
2981 2569
5036 5149
6332 4672
4247 386
1009 4805
5488 6810
1202 161
5659 136
6003 6072
82 2785
5427 6199
3776 3093
341 6436
5455 6289
4785 17
3188 2379
2603 1451
3515 5123
3485 6031
3128 6418
4915 6551
2741 5296
1695 1586
461 2774
1463 4427
2896 2693
1314 718
4895 4381
1808 3233
4211 1294
4824 5755
2694 2093
4223 6640
6239 5863
5657 868
4715 2106
428 274
505 735
1987 273
1465 6931
1884 4652
4260 4138
3474 5223
4999 6223
324 4762
2943 6255
6246 5242
5179 2930
6645 4053
1727 3036
2977 6258
648 5102
3444 6760
5660 6334
3410 2252
3754 4006
1053 1400
3805 6799
145 663
2644 2558
1006 5912
2539 864
2201 2545
459 5458
6780 4739
3974 2005
1337 2248
6959 3290
6523 1494
799 1585
5825 5966
4731 3578
6333 864
740 5470
6264 3596
6551 1400
1733 4602
4494 6864
6346 2679
5357 6969
3638 467
3790 4747
1911 4254
3364 1101
71 6683
879 1529
4498 4301
2771 2574
6230 193
1582 6298
6841 6509
4458 5852
6384 3474
192 4399
6905 4344
2063 2253
4224 665
2845 491
5838 6583
4332 1222
2591 6939
439 4599
5027 1210
2019 6056
1136 569
6285 4069
6178 2247
3088 6799
2006 5707
1262 497
607 2972
573 2215
2029 1827
5899 2365
1808 5053
4620 4189
5330 4250
3535 4603
3710 6769
5691 4771
4167 2331
2001 2139
3799 5108
3425 6318
1958 3700
5675 6803
6300 5368
1968 4693
3090 3339
368 1695
1417 3863
6318 4282
1529 3534
790 1482
5581 4099
5125 5664
4877 2699
3787 6408
2933 5792
5196 3139
5117 2019
3604 202
2214 1978
443 3534
2392 3092
1791 4358
4223 2710
1128 3189
3101 1130
3362 646
3105 5953
1320 2325
5050 1571
485 2854
5475 4823
3417 2755
6445 1891
5187 2320
5192 4035
6961 5584
1255 1849
2066 6564
1951 887
243 992
3421 5926
5395 3804
1318 5311
5806 3901
2978 6650
4100 883
4291 4143
234 984
2259 4075
445 3554
4125 3665
2456 3440
94 2934
5250 2015
1818 1248
1468 4809
5755 6153
580 3597
4618 4262
2054 2199
1222 3759
6152 5327
5566 2921
6996 6981
356 6795
223 3081
2835 3338
2474 710
1713 4122
5621 2208
407 4824
3649 783
3380 3467
1882 5804
721 1646
4945 1256
5213 1496
1619 4191
4977 856
3373 5854
1869 5479
580 5853
4325 6304
6005 2163
4295 6437
4853 4264
5927 4074
3520 4963
6669 3156
6196 5520
6170 6406
794 2883
185 6108
3285 3880
1955 5734
4629 1408
640 4964
1366 6643
4100 5210
1132 5840
3861 3681
2497 6258
2430 1432
5649 6921
5042 6034
4315 4088
4771 2669
4264 123
2671 616
3705 1256
6169 3330
3716 3810
1411 3238
4564 5459
528 2609
6341 6473
1683 4543
143 603
6779 2363
4104 2843
2686 3598
2309 6501
1 2942
1495 6753
259 982
5299 1207
3875 85
2347 87
3171 4662
5674 6401
5333 5621
5892 536
5527 6950
4986 3650
503 930
4694 6365
4522 2933
5427 1159
3545 2174
4665 4611
1738 139
3473 4725
3374 5337
4674 3717
2964 3863
6221 3823
1827 4591
3886 4719
4881 4689
1547 6452
4114 4763
6002 244
3476 1674
4116 2435
833 4585
1736 2028
1391 2207
5298 191
2564 6098
3334 2374
6616 2384
1617 3064
6491 4094
2591 1793
57 3642
2262 4656
1647 19
6757 6090
1352 6164
5070 3347
842 5026
4488 3107
1380 3511
353 2529
182 4992
4348 6925
3350 4072
6240 1464
6126 3206
1889 483
3496 3002
3731 5176
1643 588
3802 1924
6570 2728
1064 1548
6377 4890
5387 731
3315 1554
2106 189
5756 3127
5087 309
6393 1906
4427 26
132 4548
2926 5555
2827 6023
513 4178
4604 2174
1103 2712
3680 5691
6872 5135
6150 6527
895 5815
6639 6445
2150 2867
6353 4987
248 4821
5873 5756
2679 3415
5394 5522
4104 3635
2757 2221
1295 3279
3763 4842
3385 2584
4996 5391
1089 2004
1368 4179
6077 6187
5983 1422
1153 3864
2296 1575
3069 4083
4133 777
1396 3316
1921 1738
4144 1463
5562 3778
3449 3080
1561 791
1523 4319
5232 1192
20 5456
1432 1750
1255 2473
3671 6461
5114 4186
5494 2634
1324 5815
2646 5928
2636 4720
4451 6660
2932 3313
4824 6988
2283 1671
460 5003
6933 5540
6202 3387
1022 5000
3092 4874
6101 3786
462 6502
3638 4680
6584 19
4824 6992
346 741
4955 6627
2115 1607
5508 6139
6398 981
5624 2403
5782 4866
2531 624
6478 518
3534 6197
852 5731
6618 3763
6850 3964
5805 935
667 5942
5226 339
4898 2345
846 478
3787 5427
3028 2776
772 1309
3417 6542
4106 2298
4195 3105
4659 6934
1982 583
3627 6428
4011 6068
6431 2801
6236 5852
4778 6602
5043 6549
3677 2769
4899 855
3226 6083
6385 4203
4270 2742
3434 6357
3010 2391
2586 253
3038 5426
1325 3391
2550 1111
2422 5115
6391 1370
1273 1421
2447 592
5904 6753
1358 5828
318 2458
4494 264
3263 5428
5481 2335
3646 6545
1624 5451
4368 4472
5517 6917
2179 5819
3679 3793
5741 6301
4649 4079
4331 824
213 530
455 6652
2026 4712
1780 5103
2634 4329
1635 5875
288 1575
2165 5944
2119 1625
5416 1677
4866 28
3588 420
985 557
1778 2883
1607 1247
259 765
5514 4162
5032 708
6849 5165
3810 3907
930 6312
3832 922
2368 772
1594 5117
3123 4627
5546 4626
6449 3852
462 3859
2261 3156
3077 6916
5330 159
1261 3780
6851 3496
6049 699
3449 5933
5980 4259
542 3163
5623 4674
2337 1066
1886 1080
6048 3951
4892 6565
6165 3028
322 5335
3992 4405
802 4563
6396 2458
2499 5215
2185 6250
5841 530
2885 5019
2837 1844
5738 5669
372 482
6776 2071
5161 6798
4854 4670
1182 3613
6919 1675
6311 2507
5683 2656
6035 6505
1335 326
2714 1868
1222 2908
2192 1489
1727 6152
5028 1638
5853 4852
2515 895
5842 2084
4133 1832
3418 2316
2774 2386
4363 3506
4827 6448
1021 1145
5345 3627
6335 406
212 5641
6231 3687
3061 1515
3710 359
4063 241
3204 5044
274 4295
36 4050
3025 6227
1616 882
6679 4480
2134 889
4932 2975
6775 3132
805 3984
5346 4884
2037 3219
1016 2867
2956 801
1132 2930
2779 5907
3143 6495
2454 4973
640 444
53 3046
4810 1918
1592 5940
4758 3154
698 2371
5017 710
289 6408
1001 4749
4811 5718
5948 6454
2629 2074
802 127
6617 3935
2062 5598
3312 4133
6902 602
1283 2220
4033 6818
5849 960
2420 2290
2575 2732
6834 4975
1829 4339
3542 5759
6185 5382
5851 1702
3869 4896
4396 5176
5487 6402
2077 3046
6918 5229
6687 6149
2224 2879
5822 1276
2427 5552
2388 2655
1080 2480
3717 2821
2925 2895
6263 2235
3931 2522
6628 2951
6335 938
3881 5119
348 4774
390 1084
2184 3178
2689 4603
3608 2923
3995 4473
6500 6862
5105 5036
2586 2109
2554 1029
2106 4995
780 2631
6922 3888
2079 256
5483 587
6308 6725
3354 3781
6015 5955
916 797
6099 6492
5248 5885
1603 4227
5480 1104
3675 5224
5518 4102
5638 3058
3141 802
2756 5519
6238 6437
4689 5248
4611 5322
4631 65
3346 6347
2301 5198
2503 2275
840 2159
6769 1220
3297 6348
2506 6711
1208 1739
1668 4754
5947 6929
5177 764
534 3814
5443 5937
4866 4292
6020 2688
5208 5670
2822 5493
3270 2953
4932 6260
3622 3526
2070 4268
3943 3032
1076 4659
3344 203
5524 5728
636 6122
6228 519
5256 4741
4182 5011
2856 5475
6313 3578
1585 5366
32 166
4195 4351
21 5054
4330 3814
148 5142
3015 5815
1817 6770
518 4034
5435 3048
4911 3479
1767 6195
2146 600
4785 4902
2903 3895
521 3687
5713 2697
6003 1077
5492 5985
2347 1309
1800 2897
2617 5521
3544 3396
5184 105
2464 5056
779 5414
128 108
6570 6366
1170 5624
6292 6493
378 4349
1191 3055
4544 164
6064 1295
1759 5796
285 1735
6106 4522
4199 4740
6512 3489
1723 2668
2419 3258
2508 1163
4458 3352
4053 5701
3236 4531
5032 697
2732 428
639 2255
1625 3726
4635 549
6829 6647
2544 6272
5143 5458
2572 3857
5104 3909
1075 2191
5269 6983
4061 3609
4667 1090
4491 1416
1719 5400
365 3914
2368 530
5545 4854
1134 1269
6901 6226
6351 4491
1502 3421
2379 4845
5277 2960
916 6420
6993 2543
2188 323
2643 3138
2604 4501
6462 1042
6063 5786
5436 5187
810 845
363 1370
6813 351
5350 4358
6535 5756
5897 45
2610 1850
5328 690
2500 5351
4922 580
1707 3079
6158 4353
855 4382
884 2418
5080 2036
3728 2630
3736 5990
723 2040
3128 3143
5383 6858
62 2818
809 240
6732 902
3758 4612
2942 3861
101 4325
6431 6748
2560 874
2392 4189
5244 6710
4132 2341
1265 4807
4735 6658
1577 1775
460 3685
1200 6490
6844 3829
6072 5081
2536 4503
3855 2275
117 6689
1264 430
3665 3224
2180 2962
3286 6873
3220 5429
19 6196
3871 5700
2199 594
3177 693
1239 5887
6031 1690
5266 6692
5504 3169
369 6386
1035 5948
4597 3268
2995 3414
6190 259
1966 2250
4528 6549
2914 6680
2236 3880
3904 2647
5532 2333
253 5838
684 263
841 5047
3594 2173
1505 41
5958 2901
6442 6416
2590 5260
4035 2655
4537 471
1105 5240
2063 1005
6600 3769
2058 1858
4320 5074
1686 3988
3817 5822
4646 1799
5582 3342
2479 4554
2223 1244
3820 4696
2381 5879
3641 5871
3068 1699
3992 2523
2099 5427
382 949
5034 5229
1630 5130
5449 2683
1335 3532
1114 6445
5911 2420
2302 2680
2905 5367
6651 1183
6041 4447
1973 677
5924 1924
5213 1468
148 6391
1964 4235
6124 5206
5163 4595
2713 6683
4070 6667
6006 616
2626 4315
2552 6184
5063 1021
4823 2717
3374 1429
178 3845
3283 2358
758 1902
3934 6118
1188 36
640 1679
6963 2991
5584 2672
4441 4193
4550 3834
1065 1091
2429 935
6731 2630
4925 6324
2059 2777
1899 331
1170 1977
6965 636
2185 5689
3743 552
857 6578
2101 701
5926 380
4037 3558
4959 1834
2750 1131
5516 3803
5652 3643
5255 6392
794 4011
4638 4545
1375 1099
5842 784
6621 553
6808 6230
2031 5204
2827 2969
5366 2560
4242 5382
5477 3026
2136 3847
6806 5612
2234 4866
5611 5499
2916 5496
3468 2639
5152 5495
1916 4291
6167 6191
2440 6532
2682 5448
3990 1170
6191 4255
2302 3953
3779 550
5234 3619
3632 4186
1358 6518
2557 802
2622 6129
7000 4156
894 4757
3133 4164
2312 3137
884 5819
6327 291
5627 1401
2357 5827
3066 3427
1351 4128
3003 5525
2900 1537
4231 564
3836 5768
2935 6799
1379 5976
1412 4208
2965 4510
6171 583
728 450
3945 2689
1012 3412
4779 2199
979 6569
4429 1091
4647 2743
5176 3350
4262 4498
6831 4420
2515 3851
5006 2952
2002 5393
6654 374
5238 5647
4618 5049
2985 6776
6953 4660
4352 5617
5298 4734
535 3424
4187 1211
169 1263
4546 5319
3432 4770
3279 130
5442 4526
6613 3182
4330 3174
1080 3155
2783 444
3265 3306
2689 4165
113 3046
2761 6629
601 5031
5836 6605
3216 6021
158 5410
1647 330
4904 6818
4100 5617
6629 2072
6937 3434
6233 5960
3102 5140
1973 3328
6576 6288
5106 2234
6162 4632
5679 5653
4092 6459
1766 1321
4288 794
5935 4578
6909 6216
3346 423
2530 2712
5795 6761
2994 4907
2388 808
6082 4217
325 2162
2090 908
207 1483
6284 793
2143 2142
1133 828
4081 6989
679 3196
72 5817
2024 2778
2290 1202
2215 1995
1383 3693
5062 251
2800 1877
6744 3330
3155 615
1707 662
6418 3592
6039 4221
4802 1618
5667 5146
4151 4756
1369 5177
4725 4833
4016 5975
6566 4442
6948 6583
2790 4954
3419 4492
2323 1331
3347 6964
506 5263
1733 4889
6958 1324
5736 3305
3292 3144
1769 1882
5863 2143
3712 2684
3221 4354
833 1935
403 5157
1606 2084
5988 3290
512 3425
2275 2320
6078 5950
3836 2090
834 5805
4202 706
1646 1974
5987 2035
2777 3490
3350 3405
1721 3998
3245 6480
6343 5688
6549 2016
1254 2153
6393 1348
2581 6170
6903 17
3095 130
1565 2901
5256 4100
590 3688
6443 6035
1998 4067
173 474
6864 5181
1955 1757
4037 1668
5705 3027
1780 4397
2659 3221
4084 5054
4989 3084
2059 3051
3436 2175
5383 3970
5049 195
6816 484
3657 2536
5238 2777
4769 3600
4058 1759
2802 5229
14 4059
3975 5035
4410 323
5430 4347
6464 1619
6822 2100
2767 4238
6342 6773
6451 670
246 85
1513 4549
3168 273
6308 888
33 5376
11 6389
6733 4866
1297 6837
3845 5787
4466 4231
5198 3975
1049 3859
3263 3811
5837 2399
983 3525
2175 252
6969 3584
2911 2910
5265 1896
2693 4536
758 2422
3135 1153
972 6248
5455 4120
563 3032
3509 5109
4871 3663
119 699
4630 4457
3737 5230
159 2456
6690 1798
2433 6465
6398 4536
5183 3771
2739 1689
3354 3706
4539 239
2993 2174
4827 1402
516 299
1308 4792
1106 6309
26 3512
4304 2493
3500 4443
4528 2831
6676 3971
486 1951
3877 5
1845 5919
3107 4039
4520 5877
1481 3731
2368 3210
5234 6338
1214 3272
3540 3072
1144 2757
354 3252
6216 1072
5090 6138
4106 5138
3971 828
1641 688
2804 3545
1070 1658
4045 2684
4990 488
3061 2276
208 4994
5245 1714
6538 3352
2910 5146
4632 1476
4790 6182
2956 2080
6825 1780
5330 1734
144 695
1656 3148
3552 3059
5004 4516
5690 784
2194 6072
542 6083
4 4418
3249 1956
3832 6349
404 2354
6989 4085
2491 6332
1527 5141
2854 2085
4108 3569
5606 4992
1539 6479
6889 324
3413 2409
6798 35
3947 6216
2094 2203
6885 5285
6477 4239
1275 2367
2298 6580
6421 4559
6311 2650
4588 4890
245 360
3326 6718
5998 2849
1853 2478
4499 3291
5556 6994
6761 5138
2735 6262
3277 286
39 6775
2350 6942
5883 438
3388 3750
5888 1735
2725 2890
254 5583
6619 2118
372 53
6248 4215
6563 6117
1128 1440
6544 3379
5604 6760
5135 5423
6137 5867
5847 3609
5617 6772
5949 2250
4697 4628
3085 5438
3074 5631
1911 1417
1354 5168
2359 5855
6238 1525
4995 4929
6938 1581
2904 1779
4687 2566
4564 645
1966 518
1503 4991
6468 1662
6507 987
6176 6847
2898 5999
2695 4994
1533 6361
5349 3615
3436 1408
3791 2734
2806 926
4570 4932
2770 2363
3888 6702
5392 95
5206 2270
4921 3047
5587 6392
3368 5413
6933 4678
5742 2835
209 5208
1711 6976
2181 4436
2840 23
6255 2131
2339 2184
5832 5193
3448 4911
220 6181
1788 252
4208 6318
1750 5104
2202 3804
4872 3662
2948 3249
4604 5112
2414 3540
5923 830
5545 6344
746 5470
1591 1286
1963 6505
6525 2744
341 814
4645 3338
6820 4508
3426 3441
2504 3037
468 1203
1313 641
6699 6383
5907 6355
4091 2355
3086 6791
4378 3105
2321 5531
5309 2527
6309 5344
6263 1521
991 1819
1723 984
6075 4853
3257 317
2000 3390
1717 4096
5139 2175
1321 2359
1704 1069
6195 592
5705 981
3663 2
3955 1889
3216 6299
1366 532
1246 5764
2814 5715
2426 329
2531 3942
2333 6129
1590 6933
4790 5336
6407 406
5584 1188
5439 4304
2682 6230
6707 6166
3646 6701
4215 449
4301 3794
1136 4092
1754 4325
4871 4582
4867 543
5608 1840
5538 2428
749 4120
947 1836
4218 2756
2775 3317
3899 827
1902 1707
313 4174
1475 3924
1403 919
3644 3637
591 1873
1106 734
3752 268
5505 1600
5061 899
1212 6
4984 1875
2837 6451
4774 330
5188 6240
3140 2107
2175 2714
6857 1899
289 6947
4440 2038
132 5522
4111 1646
6132 207
4081 893
817 2916
5293 2977
3263 4954
2878 6171
3207 5121
5530 6975
1635 1897
6461 4588
2235 2865
4096 5530
6448 5169
893 38
6504 2785
6095 1424
4905 5295
6297 6734
2844 2326
5892 5152
4915 6236
4779 5679
4208 4613
4685 4511
3146 3201
686 3508
3850 6531
5027 2853
1114 6533
5057 5376
1134 6318
2720 2241
3383 680
3444 3654
6435 485
6479 5805
800 2964
5808 4599
2602 4786
2060 3857
5357 6381
614 5888
2251 2391
5179 2761
1982 1567
472 5803
4827 5714
4987 2071
334 5939
5392 1619
3107 5809
1034 1564
365 4555
6621 1359
4796 5787
5287 4274
2384 5407
3319 5436
207 5112
6641 5417
2148 1653
5246 2361
2155 5124
2552 726
3909 863
6316 6650
6608 6925
3363 4459
5350 2102
1118 1499
6894 4841
4834 6533
2189 3481
510 6911
3257 5602
4978 2800
3291 580
453 3772
4118 4240
739 6280
2351 5067
2346 1093
2162 6515
3216 5046
1782 4114
2862 5576
1122 4161
413 306
5050 1494
506 204
1801 5088
2172 6408
5208 3870
4125 2706
5844 5451
5855 1878
5439 6909
3832 6485
1099 3416
3775 4426
5626 3857
3131 3769
3843 4703
3803 6643
3152 1220
5131 3814
1999 110
2041 5203
3102 6258
1703 5638
6285 6878
2373 746
4903 6911
4881 5588
5546 3716
5169 6243
2987 2580
3845 5141
1723 711
4090 5538
3446 103
4940 2052
77 1113
826 459
4931 6195
6499 3352
5825 5883
6810 2746
6124 3787
3356 3896
6729 5149
1175 697
3434 3514
4906 614
2111 1471
5040 3274
6307 2371
3885 6172
1891 6736
6801 5501
1594 3419
2415 5258
5397 1239
1116 1020
1755 5381
6695 4636
468 5228
6132 2547
6762 3329
2297 4718
5048 3254
3369 1303
2357 6272
4299 708
6157 5784
5651 2299
2769 6788
2607 3352
2677 3625
6053 5485
6675 6197
5790 6286
455 1539
6850 662
2824 6015
6322 383
5362 2227
2901 4551
6284 1010
111 6706
1579 2668
6450 6442
3382 3785
168 6690
6701 3387
6107 3137
2917 2474
409 3344
5136 867
6051 5256
165 4459
6534 6885
2306 2842
6409 4395
5604 6648
5820 639
6230 4050
1166 6610
2685 5103
6131 3176
2173 6083
3874 2235
3286 5853
4091 4408
2883 2418
4522 6011
833 2682
6407 2475
4159 6845
4451 2220
6304 5582
4887 3266
3416 2552
1408 6080
6881 2536
90 923
1743 4913
2571 4722
647 2169
5947 3736
10 6757
3988 793
640 1048
6262 642
1245 5792
1944 3699
1996 1205
3858 3119
4310 5620
5902 4603
36 4834
1651 4604
5159 47
3969 5676
5108 6419
5680 2101
758 4152
6210 1457
2552 732
2475 2542
5229 6138
1448 1422
4894 2262
4661 287
5091 3787
3525 1270
4737 4287
1446 4574
1079 6012
4932 3267
5761 2075
3037 9
64 1477
3968 1628
2097 2838
4753 2520
1037 1515
2312 5023
2317 4949
5867 1329
40 1477
5073 5307
4050 5228
1437 48
4913 661
2934 4230
5455 4248
5794 66
6403 2858
2636 1946
3963 2796
1843 5239
4527 2248
3737 1602
5348 5736
4117 3984
6279 1772
856 6764
468 538
6594 2643
212 3552
5209 2698
3789 2607
3928 1539
3910 4603
4371 2611
6068 3541
144 4070
2345 1753
1717 1016
3056 1274
5097 6964
1676 4138
453 1999
3258 2376
4744 2777
3777 3880
4806 4690
5086 5856
5994 5361
2076 4825
5594 185
1571 5288
4719 2664
6659 747
5655 3584
6259 5883
1579 3910
4498 4081
5626 1166
5421 3508
2272 5029
3985 4071
203 2492
6396 3240
6680 1284
6167 2470
4108 3711
2360 6733
4307 6044
6285 3307
3681 6022
1780 22
2139 2998
107 6117
1963 4342
5527 3461
5916 5339
6173 2512
6400 2692
5820 5183
5146 674
5452 482
1427 1028
5973 6006
3417 5059
1822 4924
6163 3765
4607 3563
1775 1627
5012 2034
6494 2114
6186 3964
6103 1825
3243 4116
4658 5806
4041 173
4982 4339
4816 2626
4089 4427
3660 971
2739 1651
4214 6007
88 4153
4904 1971
124 5550
5446 1402
4522 4491
6733 6721
889 2664
4295 1787
6513 3462
1696 629
5726 2873
1826 2874
4729 3403
1196 118
4511 497
5705 6819
4692 6825
2981 621
6801 4831
1914 5965
2876 137
990 6875
436 5782
2873 6160
2019 3455
4604 3062
2784 2182
4123 5684
953 1705
2353 6170
6010 4805
6372 5667
1031 832
655 1494
4120 6062
5511 3235
3021 375
2698 1043
4904 315
6145 1382
6014 5360
956 5934
2422 6863
3180 6207
6788 1322
1597 6409
5263 2467
144 1217
5862 381
3455 6938
6063 4900
3316 175
6899 1052
4773 4453
73 4141
5942 2376
4283 1658
3678 3721
3491 6125
2953 5556
671 4532
1573 6431
2143 4807
5753 1662
4888 596
4634 473
4226 6977
407 2392
6722 2790
1579 356
3315 573
2183 1128
2856 2278
4210 1899
314 5305
4897 2703
4729 4436
4750 1311
5133 1302
1455 5669
262 2452
5328 5373
3881 6230
3041 3473
3879 6645
2511 61
6089 4890
4772 1429
1400 6687
5773 6484
694 3927
6868 5875
439 2666
1091 4746
4579 6857
782 3380
1466 6462
6263 1141
4238 4689
6712 2652
6375 697
4829 4858
2149 3498
6839 6194
6037 1511
4014 4042
6091 755
3329 1993
3841 6646
4185 3368
6045 933
6964 1997
552 18
3432 3316
1065 4507
5394 4179
4177 5836
2408 410
3225 6329
6345 2445
6962 6983
1836 3086
6767 4851
4480 3422
5996 5436
3808 4996
4331 1328
4011 6359
5499 2749
5979 524
6818 3631
3655 1356
6017 6170
2184 91
2940 704
4729 2409
2807 4782
5318 3403
4766 1153
2159 2496
6214 1901
5481 12
3650 5382
4498 4210
2331 4370
434 79
3552 2296
888 176
5674 1818
6762 6778
5647 5621
759 844
148 5839
6579 4338
1887 5997
2138 4024
2366 2265
3775 2224
4069 2066
2127 331
6938 2346
5745 1162
5332 5040
2735 5132
491 6913
4153 6802
6059 4124
3613 1054
2456 4836
5771 6147
2171 4189
2303 4275
1104 3135
2097 2107
1902 3705
6500 5989
2608 3096
5213 875
3862 6149
3112 3041
1616 4110
2810 4943
5003 6442
3800 5782
6035 1828
6718 2175
3756 5563
118 5823
682 1310
5798 5271
2492 6076
6091 1159
3650 4613
3465 6103
1819 6061
4651 4915
1954 1311
6448 5613
1476 2890
4774 5194
703 3587
