7000 10000
3387 6439
5808 3155
3249 3698
754 2433
3860 5598
4186 3577
1984 2366
5775 4631
1 3771
1664 6756
6347 5093
6469 2095
3254 2930
1954 3063
5417 2659
6851 544
3714 4829
5722 1081
558 2875
3332 1618
3346 3344
3955 6507
5735 2917
5009 2484
3177 2655
4102 1323
6115 6875
1774 4121
5888 1865
332 1095
491 1016
2615 1709
4863 1048
2445 3421
2667 4574
6410 421
1820 6645
1047 3095
6250 3453
5876 4805
1133 2209
5686 3097
1731 6240
5353 3225
200 4776
2298 6943
4881 791
3781 6405
1412 171
6143 4097
912 1337
5250 1528
6216 6883
1010 2727
1497 2816
1602 2996
422 694
3186 1519
2747 1965
6544 3723
3279 5912
5626 6220
3926 6274
5772 152
472 3910
5546 4148
4878 261
3799 5469
4975 489
1144 1198
6461 5294
3115 3157
2712 6756
1233 4817
3205 5583
3960 6669
1454 1385
1240 2059
4997 318
5769 5826
1851 3857
5927 2198
2198 5148
6661 3776
6278 5392
6359 6553
3386 105
4896 694
2012 3680
345 2328
1442 4734
196 4391
4190 6511
2550 323
6607 6685
2946 5102
2774 4151
1282 3402
4912 3378
6902 5733
3669 78
4407 1623
1786 6656
4135 2734
3117 5197
1504 3679
3469 3940
6753 5168
6678 3113
4131 2076
3224 4272
193 6496
1913 3545
921 1089
2884 2010
5366 3880
5831 5579
4447 2686
5251 6210
2788 3664
3655 5343
1913 660
620 4102
2243 2844
754 4697
3721 5968
1688 4369
652 5865
2008 3061
2930 1390
3810 486
3466 2379
3340 272
3358 1884
5929 4308
6004 628
756 6235
1093 2755
5297 2874
6568 2586
5011 144
6085 2388
5219 4385
5593 3638
5963 2846
3648 4700
1260 6425
3979 2928
2763 6898
676 5176
2473 5144
3547 2067
1532 3104
3660 6943
1264 5103
941 3581
579 3906
4308 4884
1748 613
5515 3960
3480 1636
4482 154
1636 974
4709 4362
4611 3641
2510 2348
6868 5277
851 2469
2858 6791
6101 5661
5527 1098
2333 6649
51 1740
4074 1685
2025 553
5258 5813
6983 953
6380 1632
1990 3495
4167 799
3732 3029
5579 5663
6178 4038
2347 253
558 3068
1482 6880
1019 6123
5851 3387
498 6930
1228 4374
4292 5787
809 4372
144 2025
6748 3173
484 2265
5547 779
335 767
4829 6350
1826 2382
2316 1795
6769 3557
5451 2495
1684 1661
4584 5463
4614 3982
3588 1645
3350 1428
1058 5111
1077 3448
3960 1526
3022 5299
5858 1852
3897 4084
6480 3193
5092 88
4206 3832
5570 6222
3128 3409
4331 2424
5890 839
6477 3288
6866 6038
1360 2694
1083 3499
3409 3479
4532 4203
5802 2879
2534 3967
6358 679
2921 2929
1795 6917
1305 1497
6807 4686
1212 6135
1630 6972
1202 2779
5107 2832
4534 3410
675 1165
3835 2239
6502 1477
1740 1781
5600 3992
5110 3184
3101 6593
4612 738
4788 4220
6472 1692
4810 1447
6920 942
4787 4005
5361 3585
2338 2787
5070 515
4632 2755
5662 2737
2191 2254
628 1998
4126 1983
5363 5463
6637 3656
436 328
1881 2227
3258 1090
4125 1866
2203 4040
4359 3101
6316 3808
4270 6318
4176 2298
5020 5524
1914 411
513 153
6400 2116
1392 5041
144 1770
4645 2571
5162 4867
6502 6537
3161 3501
4061 253
4591 6933
3263 2886
6663 1926
293 5372
971 935
1429 2011
1983 2620
4557 4628
6278 4085
6321 6551
1012 1172
2055 2825
5912 2438
5281 6471
1980 3994
3862 2812
4976 6737
1427 2965
4211 3885
4500 3577
6069 6997
5284 1374
5366 3508
3568 5187
1412 1145
556 5386
5237 3919
6368 659
5357 697
167 860
548 2750
6082 6627
6120 6714
5167 4262
1873 5601
1770 2365
6608 1225
5621 3066
6063 4144
4041 4940
901 6263
80 6435
2176 4289
6486 137
2516 6511
6626 3721
2249 5012
672 1387
1538 5011
4677 1502
778 5669
3053 142
5199 1312
2739 2198
5874 6388
4943 436
2501 4728
6530 258
718 1009
5820 1841
3619 4070
647 2630
5592 1166
7000 2276
6264 4557
4707 6661
5906 3465
850 1627
3793 4278
2203 935
2426 1778
453 4313
3124 3371
3201 1185
2664 3827
1680 3919
3355 2362
2442 5178
6331 2811
2325 6454
5448 3016
6738 3746
4442 2477
3624 793
3615 6358
938 1349
6939 6479
6215 1811
6380 5085
3685 5849
4777 1987
5809 3690
910 1271
3919 191
3042 2939
5688 3656
1489 5973
4883 1579
1694 3441
3874 2184
5840 1424
4605 1919
6293 2519
5305 6758
4195 1499
876 210
2488 2305
3360 5392
4798 6397
1908 3022
5987 2393
1725 1275
4740 478
138 533
4434 4604
3673 5570
3660 2310
6620 6592
3988 6192
1233 72
4590 3695
5987 1360
6935 3911
4451 816
2366 2006
5777 5680
1512 2283
5416 343
6036 87
4885 2356
597 454
5056 6754
4202 2986
5478 2982
6474 3313
6616 3795
5119 2986
1121 4958
1006 560
2393 1035
4537 2017
5708 397
1104 5893
5778 5038
6668 1520
4176 4162
1225 601
2202 6032
3674 4851
6916 468
3507 5969
2800 5749
2312 3460
5659 311
67 3412
415 3792
479 1176
6741 3452
1555 4341
5159 1963
1435 2776
2021 5574
533 1091
1901 4201
3698 1676
4562 6246
5442 4384
1550 2759
2427 5042
2027 4140
5787 5176
2159 1170
6853 5499
6962 2330
5479 4235
5837 3795
2593 3173
6045 4523
3868 3833
5335 6767
5749 202
695 1685
6573 3747
6617 3298
1125 3707
4304 4143
1453 3873
6369 2095
6150 3073
4652 2179
3399 4368
6908 4576
5366 6786
2668 2869
6403 3613
2562 4960
4837 5966
3389 3834
6733 644
826 527
3757 4176
6865 4751
3005 5901
6390 6339
5548 5398
1141 2561
5250 6566
1882 2937
4374 5092
6143 5538
2325 363
2865 4878
1395 3643
4119 2330
5733 2145
5926 4114
6606 5385
6248 997
5014 1395
5568 6895
2147 1888
4671 6226
1519 4577
5668 6474
1153 5906
1016 898
3014 6599
1141 3305
6963 5023
4824 3710
1829 5200
2502 2980
628 6095
5542 5827
5372 6628
1768 2469
530 459
964 2022
1058 6573
5951 4901
4479 6936
5594 4249
771 1313
4644 4594
1632 6854
3914 5413
566 5543
2302 6259
935 100
1963 2665
694 4219
6176 5939
5676 1090
3423 1179
5499 4428
2548 3447
6012 3687
3 1939
2630 6911
4279 5593
727 3116
2429 5776
1418 3032
3535 5299
4922 4354
3246 198
2360 4608
1217 6966
5849 421
1318 305
792 6528
6280 3879
5064 1745
581 2962
2277 4548
3872 109
4352 472
4805 7000
2301 3795
1104 2703
3763 6462
2312 352
2601 3490
5625 1741
3320 4935
4749 6612
2218 4825
5199 5784
5322 5197
6415 3963
1155 5261
4573 1474
6295 1793
2597 6552
1111 1717
4330 5232
388 4765
5163 5400
310 6271
850 5773
6522 6644
4806 3964
1622 5303
5790 648
1015 1323
6802 6853
2575 108
6883 6418
4875 2782
6656 1193
4889 2598
4994 1711
4943 4614
6160 4666
2602 1928
722 5903
2565 1700
3382 3849
2806 785
816 1320
5060 5528
3262 5676
5235 2907
57 1037
1676 3912
3687 2680
2380 945
6427 2961
5346 3059
5538 4042
6035 6295
3155 1397
2457 4850
421 6644
943 2858
5132 2828
536 6680
4783 6218
2410 5662
4370 1191
2740 2027
5671 617
1182 4411
5028 1586
5003 3447
6465 4085
2051 2868
5510 5499
3883 1125
4856 3830
4024 4554
6863 426
4801 3019
2937 4963
5675 4887
708 4587
6205 2526
6291 510
1609 4423
2084 1778
5820 1404
1821 6508
616 708
4875 2028
6021 1789
3002 5575
5089 6944
5197 1801
114 546
5708 4875
6686 6550
4051 2948
4788 4318
1795 6021
5806 1634
4990 5403
160 774
842 658
2311 6955
6417 6453
3022 3160
1183 6855
1785 2132
880 1454
2326 1101
361 4717
622 2141
3028 3468
5971 6992
2983 3761
2286 5193
1997 441
5547 1890
1129 4614
3896 3330
2758 3742
4821 1136
1069 6616
3032 4394
3835 6418
2804 2887
4007 2440
3583 6868
3806 2946
6381 223
6758 2757
1647 6228
1198 4053
5065 2075
1612 1434
4069 4174
6267 531
4342 1304
1274 3534
3727 2828
1804 4089
881 2252
221 4255
1159 51
5023 3888
3174 6895
6957 1146
1639 3706
20 5752
3151 4100
6964 2730
1201 3145
1407 5918
785 4758
4484 3568
4504 3027
460 931
3894 6079
6812 293
3788 2815
2188 1221
6884 3825
3603 4495
3341 3172
6414 4629
3181 4974
5666 3582
4596 1205
3743 6665
3801 3858
3486 6666
5406 2737
6415 4663
1170 6285
767 1089
506 3222
2501 309
6121 6068
1851 713
2966 1216
5599 1040
2899 122
5682 5210
19 5344
569 4318
712 2882
1216 4699
4754 778
4985 4997
1523 827
2154 1545
1495 6612
5090 4502
2475 5066
3582 1593
4663 5588
2017 3549
3321 5856
1540 1507
5821 269
4326 5295
4361 1832
2022 5454
1385 4582
5708 6832
6142 1165
4144 1122
6901 3136
3628 6084
1113 6364
4275 3986
419 6695
2818 1049
4441 1588
2221 5788
4189 2936
6269 4946
3912 1395
1855 5276
1407 2829
4247 1309
6258 1543
4055 2649
3742 2571
4203 5996
2627 5220
5194 328
464 91
5988 2536
3217 4452
1023 2192
2517 1275
453 5686
2381 2377
233 5897
863 4591
1179 4498
144 6994
6832 1821
2481 33
2778 3015
6375 6036
3523 5641
6569 1720
309 5397
6174 6604
3530 2183
1841 3347
6231 847
2788 2700
1904 88
10 1144
6711 1842
4638 6813
6254 3007
3311 190
75 3440
6870 5780
2259 3409
2449 207
2661 1975
842 1579
5632 494
2739 4737
4358 6709
3996 34
1049 898
1904 1449
1515 2367
2951 5647
3862 4385
1170 5547
6275 3930
4103 2955
1564 323
2179 4
5203 3194
1913 6513
1615 4051
1422 943
4352 3310
835 6040
4719 3800
267 1439
5914 592
1673 4697
3082 3203
5751 4476
6385 5180
829 2529
6974 2280
5014 2435
5978 1146
6680 2350
4739 4193
6042 3856
1180 5887
1277 5401
414 2268
6384 1946
745 5973
4712 2931
4606 3666
4774 5430
1546 3186
1943 879
527 776
4092 6714
3200 644
6672 787
5093 1005
5085 2972
1608 1419
6783 2291
3376 2256
1080 2243
3500 2818
2508 6943
409 3357
6306 2328
353 4700
4544 5794
2373 2649
1645 918
5771 2639
102 1903
6233 5359
5383 424
5680 6936
2570 4095
3918 2280
1145 903
2978 4329
3287 6226
5010 1698
4594 4237
1522 2292
4119 728
2358 6042
1130 1397
1312 1877
4992 6258
4709 2378
2229 3238
5908 6015
3583 6913
449 2800
6736 4988
1188 4140
4749 635
5243 3467
6118 1656
5469 6992
2334 3464
3827 1030
3745 3464
1432 6494
4298 3455
207 5530
788 5795
6360 3193
3271 2064
2804 722
6366 6449
4176 3303
6586 4764
2321 5943
4960 575
6205 1965
383 3665
2298 5780
2574 5750
1560 4397
2956 5316
6069 6768
3039 3352
5023 5867
2282 2964
3395 4677
404 2266
1451 2421
6539 4646
3014 2951
3708 2
1165 1772
2535 6434
5211 5760
744 4851
3666 1437
4760 5157
2264 1472
5286 5361
3769 3673
200 2665
6647 6284
4177 3018
2222 3387
2578 841
6051 1102
2794 2556
300 2782
5479 57
367 3770
328 5184
1985 2416
5825 567
2738 2640
4300 5308
741 2834
2902 1701
441 5735
1448 5189
2145 2490
5748 4030
3739 5529
1045 2758
6265 5615
2637 808
313 6349
3610 714
573 4099
5045 4250
5113 3037
6530 1410
1614 6718
1273 2470
514 2023
3734 570
569 6830
5530 2504
2129 5341
5931 4963
3346 1819
2474 5846
3590 2818
5841 6110
1508 6975
6845 4417
1403 6444
3645 815
3275 6192
5326 4430
2151 1066
2479 2969
463 353
3938 5391
156 5045
958 6048
1016 1648
6416 6879
1232 3955
63 6620
1793 4253
4951 6433
3430 2154
3254 3279
4823 926
3402 492
6851 151
708 5462
4545 6254
5434 4254
6509 6246
6218 859
1346 867
5462 860
5089 365
1767 6520
3766 6283
2623 3666
3445 3491
6439 5929
5706 5206
2669 5261
3015 3559
6595 2236
3242 1077
3909 5542
2636 5364
2497 2316
2578 1986
4475 4406
3567 6632
6364 3020
4347 5622
2852 3077
6938 4122
867 2455
3413 573
796 2614
1266 3102
6439 3637
562 4027
4329 1471
1833 1857
488 6956
3110 6911
1814 2989
773 4716
6793 1507
5952 2586
934 4508
3225 2893
1213 2879
5190 1260
3888 2174
2058 792
3275 4033
1890 2261
6924 2524
4696 1729
5696 6335
5212 37
5273 1080
5098 842
1954 4040
2104 677
354 3845
3971 1107
6784 5353
309 1701
5578 504
540 5985
5543 1635
5633 1390
859 5469
5135 2207
1810 5201
543 1294
1210 3804
1329 6517
5479 460
6768 2917
890 2057
2404 6386
6561 1622
4855 238
1339 3598
3262 899
4206 4748
3328 5239
2707 5390
5316 3750
1781 2843
2633 2197
1038 5473
3847 355
4703 5203
4975 4820
1878 5853
579 605
5311 1067
248 482
2837 2658
3534 1783
1485 3209
2231 6328
3482 5125
1774 5015
1661 3273
1029 1923
6869 1242
5910 4052
5102 2918
5218 1087
6614 3760
6187 692
1378 5558
3474 539
4782 5540
1427 2263
4432 4314
2028 2791
4888 1267
4846 2143
3298 4865
2060 3640
3927 151
2426 1249
3513 3941
6734 3196
2491 6131
4092 6319
1125 4472
2159 6819
3037 6846
3173 1848
6043 1866
3065 1630
3088 6474
1302 4861
962 1348
4569 4852
6535 4054
504 6206
4770 900
1259 1161
601 1294
3692 6202
2349 1906
1991 3179
5088 1572
4554 5033
4430 4339
5376 5339
1415 6880
1508 389
6815 6794
3292 6457
4975 6099
6410 410
6500 4206
2716 866
6942 6970
2312 5714
2459 1137
2393 2495
1192 1675
5998 5707
3172 1820
2469 1761
6279 1704
1197 5841
4828 4727
3926 3969
5717 4125
3280 4786
6315 2205
5337 5157
4271 2295
6643 2016
6953 3226
309 1315
5158 2813
3403 1835
2390 6840
5477 4396
4303 1699
4139 643
4478 2483
6741 4701
4603 316
5683 3997
182 5475
4232 2793
1144 1824
6914 868
2903 5331
6231 5587
3406 2124
2860 6653
5708 3489
3965 1903
695 5929
1950 5878
3870 1493
5495 4030
3695 3086
2925 6224
3223 4204
5416 6507
4269 3707
315 5906
727 4447
6517 4971
6805 1963
345 1593
1178 4217
3983 2957
4055 1424
406 755
3006 3408
3297 1449
1429 4957
1445 4892
3885 232
5044 1999
5005 6007
546 3712
4187 4234
2147 2873
5772 5784
2778 3155
5103 902
1979 5213
1278 177
2783 6368
5083 4776
2013 4589
1677 6642
4818 2877
3760 935
6913 118
2616 6227
85 2629
2407 4769
1220 4659
962 2561
6539 3321
5041 1633
44 3863
6844 3073
5563 669
4074 4218
2803 4570
4823 1080
2598 790
1990 1168
2725 4592
4129 937
5919 4950
2193 1138
1801 6467
877 6309
5623 5080
6000 6771
2722 6160
1681 4613
2402 2816
1269 6375
3190 6806
833 923
3777 2980
1474 2174
78 3095
1811 1498
6458 3749
3180 2752
651 2973
6060 3967
2790 5660
2811 3955
6955 259
3801 487
1001 2290
3278 6099
4997 210
6919 95
247 39
2374 6349
218 834
4208 3791
5613 5496
6204 5636
3952 1231
2924 2104
4788 5972
2481 6401
541 6817
2754 5763
4507 3109
1067 2881
306 3069
5777 1973
3495 4317
3921 115
2607 2630
3908 3496
1317 4169
4995 4859
1689 469
6598 6724
4885 4670
2034 4344
5273 789
6131 5248
6689 1830
2002 6570
3616 5400
6228 3609
759 2004
2107 3023
3106 1585
3909 537
2150 6583
1404 5546
2013 1335
492 4731
3269 1120
238 2843
1478 2117
3353 2144
4392 6213
2299 4506
1405 3904
4539 1204
3488 4445
4282 6647
6068 1377
3585 2298
4085 5079
5203 4486
4054 2668
1564 1383
6202 6185
5576 2466
6656 2147
4335 5204
1374 384
2163 4720
344 1799
1008 6922
6232 871
3078 2407
6795 330
5507 6507
1977 4818
5169 3618
6497 6117
4073 194
6463 2934
1372 1158
3790 3037
5083 2131
5768 4582
2058 2940
1974 6747
64 6666
6324 5862
3606 5050
5509 6339
4283 3487
6949 3643
2870 3064
4361 4951
890 4722
5596 6368
2615 1586
5423 5946
2431 3586
6510 454
3206 3341
1602 1913
3948 1138
4351 5250
6561 96
2662 5820
937 1239
4650 5878
5981 2463
2305 5790
4072 2663
1811 2075
318 5085
6844 2856
1737 1076
4790 6002
4662 5072
2249 5094
554 2277
5549 1375
5694 869
957 635
1912 4727
1372 2063
6009 2501
4440 5164
2105 4360
1042 6152
3705 5859
5885 6690
2781 3450
947 3425
4401 3782
4495 1802
5098 3881
5688 6510
3355 2227
3934 1589
6416 5759
2712 304
6708 6911
2796 4857
4287 4301
1337 6246
1786 3177
4172 3954
1451 4059
5102 3333
5166 201
5954 2873
4314 3865
3342 6236
635 1217
6414 220
3377 2751
6604 1554
3003 2368
6163 4303
4917 5690
2950 6645
4806 2526
1372 2292
2842 1425
6173 4612
4542 4845
73 6423
6722 1164
2793 5887
3579 2586
3733 1734
3417 6305
1972 6641
6409 2347
6431 1049
3042 4775
1487 5692
4492 6888
6777 3420
4867 6047
3992 2255
1129 6746
1295 4420
4756 5461
6920 6641
2861 6481
3379 2121
1717 3451
5433 755
2713 6635
5094 5420
4771 2003
4545 4584
662 5222
246 6332
2163 6483
6270 824
6712 3134
6914 4945
2799 5179
1943 2406
1253 6400
28 2701
5375 2077
5104 2169
6626 2503
3709 345
5117 1205
5068 179
3086 1355
6138 2907
4189 3067
4589 3000
5539 5794
4335 3219
2733 4650
6426 1795
6540 3747
4173 3253
6770 926
5741 1096
3375 1669
213 967
1406 6100
965 1711
4876 1085
4403 6924
2701 252
503 4906
2997 5500
2673 5976
1779 4968
3800 5453
3539 6420
5030 4706
595 6366
3117 3212
1702 4482
21 6325
6698 1577
6620 4007
2031 1407
1383 6019
2355 2742
2408 2526
5020 1879
1394 3601
4669 523
1980 1778
6275 1417
890 2222
5804 5626
1654 2027
6517 5660
6271 4717
1843 5041
2185 1865
6968 1737
5274 3026
2956 4289
1265 1448
2319 3866
4383 2660
2890 1573
4684 4922
6438 3620
1256 4162
2022 3393
1007 3851
4094 4580
1139 1579
5143 1319
3047 3345
6228 1891
3985 880
4953 371
1952 5290
3503 4259
6282 1566
4890 601
35 2044
601 85
3197 5944
2319 5348
3398 5933
998 2438
5629 2228
3459 4831
4843 3306
2214 5481
1311 5251
2405 4494
3013 1579
3284 6458
2996 3343
3664 5482
3677 6706
79 1648
233 465
3226 3955
1401 1333
6785 5222
2273 1947
736 5631
30 2561
4275 2888
6131 2993
3525 1305
5908 5667
6300 2289
1140 1436
6637 1336
610 2617
5864 1999
1170 6819
6343 3606
4335 6995
6941 4031
5621 4520
6601 2299
1906 4898
3507 4506
535 4233
2666 3145
3917 458
4922 4708
4931 3105
6463 729
5840 712
3118 3455
4983 2061
5960 1137
6609 5971
6746 2014
6268 1596
6 5697
1139 5870
4502 6207
6089 5127
1245 4746
3314 5153
926 2899
6098 784
1611 1501
4218 3188
2138 2787
366 4015
852 2218
2973 4436
2853 1793
1974 4195
5249 2533
874 2831
1976 3461
3422 1278
6010 4814
6695 2147
6319 2014
6769 6370
4673 3551
1092 2979
2499 1963
3179 6431
3355 5854
4958 4252
3537 6635
4755 2721
1538 6809
6435 1069
3138 272
1223 5023
2442 6210
6300 2278
2460 4100
3817 3493
3451 566
6779 778
3242 651
5373 6477
976 6056
95 5132
1440 6625
555 4074
2739 374
6797 3312
6456 3575
4915 4035
6202 2927
3542 4964
5753 3630
6160 2985
282 4384
1847 2029
181 4993
1547 980
6198 2032
276 296
2777 2829
1147 6416
3729 5835
4266 6168
2288 2299
6290 712
217 3977
2850 522
2174 4421
6167 4945
3891 901
1283 4407
6490 4438
4809 186
5657 5691
3981 2412
3478 2151
971 6487
4683 1920
2075 2377
484 4033
2991 2253
843 4127
5037 5944
3014 6953
3448 3310
1731 4802
178 4012
6231 6226
5048 5895
515 4602
6107 2743
1580 4872
3939 1411
3084 516
5800 2312
254 286
2812 6671
5009 3959
2083 6962
3643 1774
4185 932
4531 6179
3921 2089
5710 3157
3058 5275
8 3827
6861 503
4603 4545
2632 772
3870 4608
4904 5055
2568 1364
3570 4644
734 5383
6355 4734
2952 4464
4922 4516
776 2073
5521 6357
1432 1386
5411 4073
4856 100
3407 4170
6407 2350
4047 1894
1023 806
431 137
6173 2381
5742 2508
3175 2625
3690 3665
4585 4930
1903 5827
1013 1219
6052 1967
3598 629
5179 2141
391 2280
2293 1238
1236 1204
3530 188
4770 662
2581 5487
5884 3251
850 2324
4262 2756
2019 3416
3457 6283
5664 4031
1643 1119
3994 3795
3773 6281
1940 6494
6608 1860
89 2763
359 1143
961 4276
1861 4226
3275 1426
5790 1936
287 608
247 1946
4471 6220
188 6595
4941 1550
2806 842
4087 26
4327 6464
6544 2613
362 3323
4048 202
4017 453
3701 1428
3256 603
2377 4477
1541 4594
1540 1177
2959 5619
1083 5433
2400 5441
5487 849
6386 2874
1054 122
5683 1887
6761 3689
4066 4220
2997 1527
66 5205
3224 3498
6875 6543
6737 6477
4557 5689
4136 5467
2683 2802
916 2782
6766 1360
3119 6645
4803 1287
1074 6802
5930 916
4928 2671
5626 2720
917 3530
4888 3109
4007 3080
262 4244
6452 5361
5025 990
3229 322
4840 5713
5416 6734
1232 3289
686 2108
424 2003
2492 3902
5943 1798
2713 3058
3723 3073
3768 5865
2623 43
5210 6534
1561 6113
5177 3047
429 6093
6210 2511
490 1030
3366 848
4038 1089
4084 3864
6260 1486
3619 3986
3607 4758
2105 5923
1205 760
3463 4697
5819 1053
3865 2889
4153 3529
1567 4528
1721 4140
2104 1033
5287 3307
1568 1923
6021 1197
1347 4574
4271 3448
2666 6173
5111 213
557 1568
6115 1961
1431 4627
5638 5784
3089 5769
4804 1534
3408 4490
1272 724
6056 4036
4166 688
2042 3791
6817 6070
5322 2174
268 532
3387 5482
5063 5738
212 5958
2680 4674
6804 2050
4859 1321
1833 6356
2644 1336
798 3227
4805 117
5186 6573
3844 2713
1090 2365
5045 2106
6301 5007
6565 527
3820 4013
599 2836
4773 1497
531 2690
311 6007
3313 138
3899 6387
1495 599
6238 876
2958 1163
2759 6459
429 1077
871 1866
2944 1008
4262 3074
6897 708
2013 6337
461 3880
5545 5654
1240 3533
3354 2252
5618 1411
1519 6281
3247 4113
6252 4701
5430 3959
4625 6722
5916 1744
2439 6312
1682 6652
5194 1774
3059 6371
6979 2089
1387 6259
6574 5562
5051 2640
3107 3823
2095 3206
6683 1121
1031 3580
742 6223
100 4643
5301 6881
3083 3635
1223 6366
2261 6557
5829 2481
1971 2917
2124 6328
5675 5660
1357 520
3800 2238
2417 4582
2972 6642
3507 1754
2304 5303
5067 3171
3404 6062
3187 4240
6776 6757
2848 4256
3223 1413
5823 638
2039 4903
779 5299
4203 3262
3870 4408
4676 5545
6719 1584
6795 2498
1347 239
1838 1267
3233 3487
654 5866
4338 2714
2098 6137
2089 1496
4916 3483
4118 1411
1046 3212
6801 6743
5986 1892
4953 1558
6640 1518
235 1745
1045 2788
1196 5564
6744 2504
3124 6567
2694 3899
5700 5170
6549 6901
2151 4744
4021 2597
4708 3250
1525 2731
576 5681
3731 6963
554 275
2127 2007
3630 5653
4146 5286
110 3913
3562 6982
6083 1430
1576 4230
2904 1440
5140 4668
6852 2807
6262 6361
5915 4331
544 4195
2692 109
5811 5347
2836 731
369 2786
6968 5605
5535 2331
972 2307
6481 6056
1620 1235
5995 523
4692 2098
4873 4014
6138 4753
152 2269
2368 1112
2842 849
4430 1530
3343 6816
6475 1860
6854 3144
1577 5864
18 762
1420 5594
5433 6628
4109 5706
5511 1011
6082 5468
2253 5127
6743 4913
3553 5746
2888 5970
3694 6415
6618 3364
4561 3166
5080 972
6520 495
4465 6690
5975 4480
5500 3715
2941 2495
2648 5172
3949 3387
125 1557
3285 676
2539 5628
4207 3349
4477 4858
414 4438
6340 1455
2106 4423
415 1314
5832 6968
2088 1365
4868 6164
6500 3806
645 320
4016 4874
546 2259
2409 1319
487 3797
6869 5672
811 5886
822 3157
4606 4666
5445 6774
1434 3032
4571 507
197 646
4098 6875
5390 4543
4702 3516
3270 2309
1412 3237
6991 1010
4762 2543
4684 4939
3445 5535
5243 3384
4001 6644
4852 5583
1852 355
5936 3871
2908 1686
4741 4655
1158 2112
2327 457
1948 2853
6861 6908
5356 5609
1914 2555
2208 2202
606 6390
1379 5163
6100 1850
2787 5400
3760 5590
2038 6685
4783 6613
2944 2819
3855 3513
4742 5120
1179 6171
751 5280
2284 553
4733 1388
4030 4360
130 5860
3869 5168
5291 4008
6432 4978
3910 1623
2334 6763
3689 685
5551 1652
5876 1356
673 1291
5659 6743
2922 440
1338 6440
2895 2374
6130 3650
6221 6773
2815 4525
3731 152
1543 6203
5299 143
3349 2303
5573 1278
2144 6084
6433 654
6843 3145
2938 1379
3217 1085
2608 4043
4679 5635
4839 2640
1800 4706
683 2649
145 4466
1506 274
5383 261
3911 111
2707 6129
3188 5682
1122 4343
4233 6788
3220 6515
5668 6295
5861 1078
2580 5192
6372 2911
6915 5164
6963 6943
6229 6893
6803 3771
4616 1461
4895 3918
1078 6782
3313 5527
4219 5229
2953 5483
4305 80
6237 1105
3105 3032
1620 5454
6747 4602
5929 3945
6854 5169
5293 5891
2081 3834
5202 6286
4838 355
3881 4394
1483 1123
4658 5597
6742 2147
997 5548
5461 5943
3544 1753
4873 166
6199 1566
5342 3408
611 983
4198 3553
3233 5431
5823 6463
1658 1701
3493 3095
1945 3874
2883 563
4424 6596
6751 6249
320 2107
1064 2205
5252 2486
1423 4598
5576 5567
2302 6878
6045 2044
1662 5758
5862 4957
1958 5181
6907 4907
5320 6595
2545 4925
3119 5928
6965 6751
6575 2882
4234 3082
6255 2273
4519 4014
5708 4221
4643 5628
2957 4338
3329 1259
2462 6721
4851 191
1596 6963
6879 927
2704 4832
1826 863
6146 4466
942 5953
1649 5018
1115 2560
6140 4526
1716 1299
3024 561
2993 6160
6894 6212
4958 6421
3480 3710
2787 4277
3661 1751
5684 984
1623 4814
6827 1874
2197 6322
5839 6633
216 4459
5706 3638
4559 2175
5952 5542
122 571
4075 2053
4427 4984
6244 5033
5653 1825
5543 244
4635 2366
1976 4822
6714 393
3988 3943
3571 5326
4079 4258
6240 4030
6252 596
6716 186
6482 5851
2300 5334
5401 3032
4117 3711
3944 5441
4195 3852
3036 6505
6061 2006
1501 2006
361 5144
3301 2945
1807 5162
3654 2514
6457 121
1606 4853
6669 3975
581 2930
4483 6157
1248 3862
6963 3720
1285 674
6041 353
6049 5467
6669 1784
5184 789
4965 390
752 5668
6979 6860
2186 4796
5217 1117
2768 4035
1971 4997
544 381
728 2995
4626 5543
3507 1183
6317 594
1564 6035
1458 3151
6464 1786
5555 3777
2081 2850
631 2545
4476 2941
6004 4050
1629 835
2019 4215
3231 499
879 841
5719 6619
2057 4237
6936 794
4375 4017
4060 248
6397 918
1950 3468
263 6140
44 5846
1787 437
9 5878
121 4902
3938 5090
4727 1127
3963 5452
1368 1212
6979 3734
279 3783
3050 3440
5365 6591
703 2408
6639 3956
1 4261
5377 1449
1229 6641
3054 1645
3913 5732
180 4961
3296 3196
3445 180
6103 6995
355 965
6652 6884
2453 6092
240 5687
6902 6738
3135 870
5286 1243
5457 1681
2814 2385
1480 6291
2521 751
4800 3206
6107 2367
3177 5974
2929 4002
1632 493
5363 3546
1460 4774
4412 3286
6730 1363
1785 3905
2992 6659
3082 3221
4922 6880
2916 2414
1815 3356
4713 2039
4322 2740
4578 2458
166 1956
1119 4283
381 578
493 3297
202 5608
6072 6835
2656 1645
4381 6680
6360 1579
5356 126
1894 4338
4903 2334
3993 1940
3154 3995
4087 1107
1116 4635
6978 4222
3977 2503
6782 4600
4137 6060
1057 5475
2509 5048
3569 229
5415 704
1232 3569
5173 718
1124 4675
2798 3500
1428 5151
3998 754
6528 2753
2066 5229
3154 5640
3532 623
2217 2893
4527 5869
5919 6779
1186 5638
299 1981
1804 3704
993 5444
728 5225
5320 3466
5655 1107
2502 3494
2463 5002
1149 5977
1899 5422
4366 412
2353 2428
254 1851
6252 1862
5955 6197
5159 1687
1859 3422
6089 6302
558 968
3423 601
2213 4851
1931 4347
252 2161
5111 6115
4376 6915
4896 3360
5699 3005
283 2616
6788 813
932 6128
1033 1169
5690 5055
307 6012
5233 2517
106 6425
5293 1203
6847 1249
4879 6128
6249 6622
4953 3608
6755 366
5716 2568
2090 464
3 4627
6965 3923
189 6336
5907 2101
4059 2213
3582 3037
5182 3297
1445 5968
6489 6790
1714 508
3572 520
3109 3842
2931 5001
1083 6363
3609 4298
6978 496
5395 2779
5742 6788
131 6082
2634 3322
5191 3255
324 5761
2968 5483
3632 3791
3776 6943
4109 5444
5076 1848
4669 863
6480 3714
6242 2640
3968 4093
6881 946
2364 1576
5690 1370
3207 6606
6510 5815
4330 4565
487 1474
6101 2642
1766 5695
2815 5808
6121 1686
1692 4838
764 5798
4166 2933
2177 3100
1424 3188
2616 1064
4166 4604
2706 260
5124 442
530 1324
5474 306
6030 5898
1897 2639
5359 3396
5514 1539
1601 3293
5872 3523
122 6225
349 4637
4485 1147
5936 3650
2369 4231
979 4964
5716 4191
6432 4641
3397 6730
4489 1881
528 220
6731 6626
2704 1364
3824 3491
3705 3871
6168 4555
1961 1700
4887 3014
632 2687
5778 2090
2629 5148
3113 1304
6638 5496
3300 2132
705 5490
2513 836
209 4790
5153 189
6682 6629
6248 578
4302 1908
2851 6418
3816 2645
1508 1890
4428 1025
1519 2424
3744 1418
5311 4190
1264 5833
1043 6167
3543 1126
1579 122
1295 5301
2001 5582
2592 1836
94 6757
5354 2320
3655 4775
3502 2874
3337 1746
259 5745
6214 549
702 6436
2701 4716
1255 2214
6689 6090
6019 337
5067 4173
851 2701
4113 4668
1856 6173
2238 1044
5347 2771
757 6089
6400 3106
4389 3262
5578 1854
5139 5514
3134 4683
3349 1701
2981 997
2828 55
3871 3059
4132 5929
697 2685
6270 2877
1499 4582
6716 1186
6649 6362
4222 2625
3085 1199
6007 1677
1388 5198
5656 1164
6329 6115
241 4596
3389 2232
4156 1006
2114 3874
248 2303
456 1037
4204 410
6766 6032
350 3335
3486 1074
2378 814
4220 188
6499 5623
1155 6722
4483 5127
3507 3182
1559 6183
5516 956
5401 3096
2433 4572
1224 3083
2014 4035
5889 3515
6878 4833
3000 878
1863 2454
6024 1633
4163 3363
412 608
6166 1080
3410 2033
5290 3907
6526 385
377 2577
4278 2228
6065 5215
6675 5186
4750 6406
3511 6816
301 5406
591 3992
1971 26
5259 5597
357 5503
1668 287
3492 3631
739 2
857 3357
1479 5944
5803 5613
2958 4394
3232 694
6017 2379
2828 4591
348 3292
1394 4409
2948 2631
6311 6617
2382 5282
1767 5435
4663 3589
2629 612
5074 6147
2652 3398
2745 5032
1729 717
1211 3946
1899 4568
6338 6552
3133 3005
304 2159
5646 5593
2812 4368
3404 892
3665 4050
1234 2983
5255 4027
2632 1014
510 4086
4957 2598
2280 4506
1610 4797
5728 1404
6585 460
4914 2444
2640 1643
4595 91
3621 5869
2295 2082
299 6666
2339 6545
5204 6907
4328 5622
3517 3403
3107 1984
1392 3539
5766 3345
3039 6073
5226 1116
1213 3292
4029 4049
6385 2635
753 5128
3074 5744
5909 4054
1849 2479
2080 6601
2168 129
3034 1172
6610 3721
272 6786
279 4930
2332 3734
1439 4143
4891 3194
581 5514
3887 1704
4862 5586
6046 5615
6399 2512
157 5315
1033 6677
6276 2600
218 5652
1107 5375
1815 5660
5164 5061
4733 4344
1839 6677
5842 3824
3975 5687
175 764
5904 6138
2952 5125
6515 1039
3042 6407
2553 1352
2292 6965
6211 968
4820 3618
4592 6940
3253 6143
165 1422
1162 4557
2399 5281
3015 1511
2132 3187
1568 3540
5504 1508
653 1927
2661 3216
4349 5909
4855 5292
886 5815
686 4551
5746 469
2055 3886
314 6508
2351 3152
3957 417
913 1982
1666 2117
1614 5020
1781 4621
365 2217
6645 600
191 6332
836 1878
290 233
1971 550
353 6124
1602 4788
4666 6311
3799 3223
6161 6309
5104 2735
2282 4943
3772 5571
6888 706
5321 4007
205 1096
5916 2574
269 2048
3515 1082
1096 6053
4387 2896
4315 6760
1975 2764
484 2891
2478 4962
946 949
1318 410
1405 4702
4126 5477
4329 5247
3745 5756
506 4043
4324 2043
4689 2186
3490 1670
3552 2174
3206 1877
973 802
5187 4805
6236 6942
1926 6720
4413 1735
4785 5181
709 5661
4029 6053
54 5231
3466 364
6070 1062
2751 4099
3258 4223
2502 2566
1738 2477
119 5732
5878 1529
1242 2352
1020 1572
5522 106
5258 2177
6170 4305
1371 3639
800 362
2911 1640
6618 4953
6545 2446
4357 744
4533 3860
5012 4486
6893 1101
5149 6932
2378 2990
6864 4805
4517 5406
51 4366
5419 255
3731 1658
3767 2164
3348 6751
4879 5797
5011 6473
6788 5034
268 2258
2384 4483
3729 1483
419 1547
453 2830
1047 150
6172 4866
6926 6875
2521 3694
5375 3492
2529 2619
2824 6730
5214 86
6402 5402
1678 3976
4497 1657
3475 2965
6456 761
2312 3209
2681 1177
1336 6115
5842 3393
5211 1869
1330 5580
2219 974
2798 4954
5046 1786
3842 389
2922 2774
2234 4672
6506 3836
1950 5913
97 3697
6290 4835
6828 3469
5354 5596
1198 6492
1493 3577
2653 6103
3768 3143
5015 2955
1843 2108
781 4781
4816 3299
2499 2457
1830 941
1279 5967
6065 3069
2696 5161
3144 1828
3481 1558
5314 5685
4530 6092
5549 5646
4597 6617
3569 5421
1518 4276
4243 504
5003 6617
5576 4677
4302 3343
5738 2547
311 3915
4517 667
1647 191
1600 851
4040 5133
5092 3732
6920 3881
3045 4221
889 5171
3721 4238
5777 4901
5433 880
5871 4195
1545 6516
5964 4024
538 6987
6891 447
4593 58
1775 1188
1316 1485
2074 3921
2496 2956
1256 5512
4684 5150
4251 5181
4553 1014
6776 1580
2008 675
2478 2585
620 5363
4773 2976
4324 484
1244 5218
3309 6339
2951 6908
1495 2466
3 695
4983 4948
794 607
2021 1126
4445 6650
2791 2324
4553 1448
6174 4383
3554 3448
2195 3024
4907 543
2541 4982
1875 502
5844 3940
2535 5297
6466 1618
4789 4671
5235 5582
6620 1830
6122 3291
1592 1124
6538 3220
2521 1136
1370 5809
1819 2625
3566 6567
1940 5297
6456 4790
6070 2518
4824 5011
6539 5054
6111 1663
1858 5737
6321 3066
1215 2227
2943 2708
3644 5863
4018 6664
1395 2493
6841 5058
2139 3129
6567 60
288 307
856 3879
1754 3020
2172 3999
3523 1802
2740 6013
6350 4281
3212 2806
1848 1222
2532 3737
6138 2100
6207 3543
2514 2626
6701 5575
4083 3578
557 959
4647 3103
7000 4639
3175 6195
254 3941
6280 2233
952 3660
1879 6083
2434 2150
1178 719
377 5137
2309 5886
6904 3753
5636 5337
3135 4543
1244 5491
1041 2931
5378 6064
5878 5366
4410 5824
1183 2878
1227 3002
3983 5697
4921 778
6363 6015
1938 619
4459 4388
5758 5696
5544 5784
4878 5371
1081 6809
6933 4978
6572 1913
6098 6367
230 3471
6359 5715
1959 6320
2271 1859
2695 700
1152 6234
6297 440
3947 2422
5930 1144
2314 1749
3910 6378
3246 216
407 947
6757 476
916 2976
6446 5926
2151 4518
3159 5474
1062 5277
5454 6606
4303 2343
1575 3113
955 3603
6123 6136
3369 861
4183 3502
2208 54
3004 6756
1325 5634
3145 6383
5304 5979
5981 6959
1835 3152
5241 913
5868 4608
2612 934
4450 1737
3202 2244
2734 6738
1221 4712
5517 1127
4527 4439
3035 4736
3934 5719
202 2478
1252 1870
4252 838
5353 6127
303 5573
5311 4347
6206 1777
1763 266
4535 3210
4347 4244
4455 563
4284 5472
5142 4383
4111 4924
4099 1676
109 851
1537 5921
4795 6922
1633 4116
4002 1249
2207 4322
1672 3756
748 4137
3296 36
762 6078
5196 5641
605 210
944 1049
347 4632
3191 1174
6590 1318
6535 6324
3110 1118
6310 29
4816 3001
5264 1960
6859 906
5172 3383
6004 957
5800 4432
5620 3361
2335 4349
955 3537
1683 3118
3544 792
1854 3549
70 3593
14 668
1878 1011
5934 4480
227 6565
464 4368
3923 6314
4250 3875
1586 3541
3984 6694
967 6821
451 815
4690 4345
1226 2999
5862 5434
5525 1060
6623 81
2365 6439
4225 4057
1055 1783
3075 564
259 4971
2076 4704
1787 6531
2155 5084
4220 2327
3189 1404
3496 6877
1159 3491
1285 5264
1572 1132
6576 3731
5945 3570
3974 3729
5781 2415
5899 478
4107 5837
4048 4975
5836 2269
5866 5992
4722 2449
475 2790
12 4323
6366 6069
4339 182
62 3945
6610 5153
591 4424
4008 2436
614 3325
1365 4468
3009 80
243 4571
2216 1229
4441 2526
6214 1802
4190 4869
3584 4257
4597 3325
5300 5339
3900 2897
4247 6202
5364 1824
4502 6361
5476 4063
5238 1657
2288 1979
3301 2563
5899 3579
4936 3567
4093 455
5577 5574
2424 3372
1297 6648
3176 3680
853 6533
6243 4245
2304 2292
3992 1754
1692 6838
6845 6492
2396 5524
1970 2472
4740 4069
5187 5567
6478 3301
3933 4737
1732 3319
783 1186
70 4398
688 4059
3612 3701
2261 2644
1717 5548
6233 5726
3781 2088
6819 3894
4801 6546
1810 1342
2271 5467
1330 2641
3763 2679
3382 80
5027 161
3336 2168
2308 1277
2317 3492
3954 3662
3789 4677
5004 3592
4843 6608
3381 4861
6473 974
2654 4904
4917 1024
6131 6319
6643 1251
3193 3342
4574 2969
5657 6074
3858 5966
1362 2381
5650 1830
3377 5218
3999 5308
898 3106
788 2166
2403 2950
5279 3514
3589 2620
3278 5239
1477 3956
6971 6476
2140 2065
1250 4253
559 4427
5007 6621
585 1265
5575 1815
926 6771
4207 1834
1991 5968
447 1107
18 1770
4429 3742
2143 3826
3476 1806
1557 1458
2818 5733
5610 1581
2165 6839
6692 520
6351 4999
6927 1683
3415 3850
5555 2876
1847 1268
728 2760
2919 5738
2218 3312
4732 4417
5651 6704
4762 498
3979 325
5269 4516
4591 4462
2342 5099
615 206
3593 935
3280 1845
6522 2749
3062 6219
1493 4956
1699 1569
2344 1826
5551 5604
1853 4088
2090 2072
4815 2823
1573 5031
6577 3166
4509 2533
512 3599
225 6121
1200 3320
1420 1517
3889 4097
1858 5735
5696 6555
377 970
6420 6721
3169 5014
5794 6623
4931 6798
5941 1379
3037 1792
6890 5322
3040 4825
1827 2835
3176 6046
2542 3921
4807 6014
3789 866
2153 2415
1814 4009
1234 5766
613 1196
857 1694
3762 3634
622 6923
1743 980
3682 1370
5770 111
606 6360
5129 102
6524 2164
6414 449
5899 6015
6004 6153
552 2661
2759 5315
4506 6438
1642 201
5991 5944
3530 2185
3430 6614
2312 3773
6355 1478
5064 1720
194 5268
3912 6105
4124 1279
4120 6855
408 2652
1752 6543
5710 4332
5859 5376
3686 2224
6503 6476
1166 6939
3577 959
1967 2602
5305 2968
2314 3376
1318 3486
5197 4152
2653 693
6117 3607
2305 6601
1876 2148
203 1827
5099 2666
4960 4712
1683 3415
6288 668
13 4956
1693 2078
2713 3183
5793 6609
4705 6790
643 1846
3699 5143
1092 4006
5151 4081
3268 3936
3909 5413
3869 6808
2598 1080
351 4783
5423 4607
514 1228
6183 4659
435 3518
33 4812
213 2272
1829 5862
1239 831
5147 4117
4368 878
825 2738
5855 5530
4857 844
286 101
1517 1618
5328 1800
2721 1703
6433 6300
4730 1094
1759 867
6961 1325
5918 1048
3899 2855
1310 4657
5751 883
2732 2632
3007 1603
6912 5751
6717 4542
1073 2227
5238 1414
187 1246
5345 2844
576 6591
3106 3279
2610 5023
4740 3252
2090 6250
1913 6384
5680 1609
1161 3144
4804 5494
783 6947
3871 1874
2214 2622
4578 5770
2178 1499
2667 6313
4229 6881
1037 2958
2696 4125
3183 497
2348 6149
1418 6144
162 1973
5144 5007
5620 62
2181 4078
6067 3007
4918 2859
4461 4467
6548 2224
4723 4957
2985 1975
4495 533
2998 6276
1772 3736
2450 6232
3872 6112
378 820
1272 4853
3992 4284
2613 2314
6462 24
3150 2939
5472 6647
315 970
6603 2736
4040 2207
1866 2897
5566 1454
5370 966
2352 4227
1438 6007
3359 5389
1371 3088
3713 4940
5724 4795
6898 5585
164 1411
617 3767
701 1481
2353 221
3450 592
2575 5836
6707 3826
6605 6206
3408 5840
5381 5156
6841 5724
4440 1785
1509 5360
2323 5895
1173 1039
3796 4347
4060 2810
5765 3172
4342 2054
2550 2459
6292 4305
2439 3610
6301 4058
5870 329
2069 5806
5585 5368
3367 3253
5717 6318
1223 1403
2334 6154
5006 1740
4186 6764
543 3671
4314 6949
2653 4080
4625 2108
906 6360
2673 4424
1732 2376
6052 2783
3509 6787
5442 3858
5067 950
143 5619
4711 4170
1808 3039
3391 2429
3722 3072
1589 2284
3908 5160
2264 5792
703 6022
4237 3427
3857 6875
2900 4703
5184 5059
3844 1499
1298 5515
4322 4929
3714 3709
6658 2035
1633 2554
3454 5771
2635 4777
5436 2697
962 3216
3991 5127
6895 5225
6922 5829
3293 5402
5451 5571
5793 4612
5484 2593
961 276
2817 4623
4222 102
1824 2307
507 1585
5259 756
3137 4191
5818 6833
6829 2570
1748 5643
5586 6515
2638 3575
665 2874
6143 4354
4128 1738
6889 490
6490 2460
1294 3450
2191 6677
4153 2306
5923 195
704 4405
2103 961
6891 3138
6571 1525
6681 5764
5565 2191
562 4699
4878 3803
117 2834
2074 4592
5370 2024
510 4239
2049 3610
4803 3433
153 3176
1566 308
1299 1131
6100 3384
2111 4757
6060 5
6594 3147
3897 843
4116 1619
1148 2008
4649 1879
6570 2828
744 6845
4654 5886
1522 5428
5683 6706
5258 1782
4280 3701
1307 6747
413 4805
1955 3705
75 2741
2181 27
3751 6700
4415 79
6117 3411
6162 1547
5266 5581
1221 1404
2904 6915
4913 6332
4997 308
5239 6576
6452 6738
6460 2849
403 5936
568 2214
5143 6574
3081 4909
6117 2918
2116 1957
3080 1365
3026 6696
5003 4221
38 6769
1165 2098
5303 4138
1515 5871
3320 1006
2163 512
4950 1627
2422 3136
1435 5578
5770 2216
6479 6172
182 4346
5955 6724
621 6815
1027 3974
1350 2596
2690 4691
2101 4278
940 1539
3099 3486
2588 3498
2318 2127
6033 5635
3235 622
3974 1828
5996 3768
3950 5047
4108 4615
2548 4833
1049 4110
3615 850
2050 6824
2630 160
4869 4127
5291 505
4741 3795
4133 3718
4093 4362
2512 1745
3984 2072
5876 1907
1585 552
5665 6216
6938 1272
3996 6585
406 1805
2299 2074
2906 616
4109 910
438 3838
3139 4108
6075 6214
3716 4108
3251 540
6433 759
6823 100
4942 5476
2451 1136
6929 2750
371 4171
790 1427
1504 2669
4981 5482
6716 6266
444 1822
6691 5673
3784 5242
3320 2038
5425 4464
4970 6061
6635 5131
1793 4874
5409 3418
1747 4323
2728 4224
6385 5680
130 2681
5821 734
1567 4883
954 480
2696 1741
5581 2030
2579 797
3671 4557
1108 5188
509 446
1386 4571
6717 4968
924 3660
1528 1618
6202 1879
6702 3022
5131 6182
416 5749
855 3124
2519 4860
5239 692
6449 2998
2301 605
3484 4576
2396 1826
2518 3290
497 4257
4402 1796
800 207
4324 1426
2203 5951
5767 3900
5081 5495
354 1594
6663 1834
1899 6488
2780 2062
3429 367
3659 6297
2600 4505
572 569
1696 3373
5561 1138
4532 4698
4067 5064
4996 2616
6332 6740
3928 3953
1493 5871
2329 6382
1423 3062
903 5821
5818 4955
6853 5185
2513 862
69 4727
5018 1752
5173 2648
1972 5332
5953 1952
5392 6928
1952 4464
3741 433
3122 68
27 4681
4858 974
5719 6451
2659 2680
5237 6091
3126 3965
3022 936
4682 4253
840 2068
4145 205
279 6255
1011 152
2916 5631
4723 6360
6195 2021
2046 6363
1837 5580
613 1748
2617 5617
264 3716
2461 6125
3065 5537
4647 4939
5310 3317
3312 4995
349 2751
2973 5755
5888 2286
6332 1830
6814 4328
1474 4060
6732 2876
3969 1624
5756 6869
6888 2280
6373 6842
6412 3456
6369 2200
623 5697
3370 3206
4606 4782
355 2032
5213 6494
5715 5891
1118 4330
3391 35
4362 1171
4724 5313
422 2381
1343 2817
3205 960
3006 4421
6359 3116
5025 791
3887 4888
2812 1254
5986 3988
4586 1661
2938 1654
6600 6996
531 6757
5417 59
1781 5264
4070 6588
1303 3677
1251 1876
1465 5139
2606 6549
6605 1957
1545 5624
4335 5898
247 2341
2925 3606
6020 3687
122 3883
4458 4282
1483 686
5283 3829
1007 3135
1607 1220
3249 6161
3813 3918
1896 2877
2927 2137
3986 627
341 2913
3578 6604
896 4682
2351 4934
5592 3379
1828 5548
2300 6831
2716 857
96 3912
3828 4608
6291 5709
6974 539
88 6239
6860 1457
990 3837
578 2657
4050 2636
6726 4532
6002 2498
23 1285
1766 5408
3773 4998
2262 6266
1399 2703
4207 691
2909 3681
3888 1446
976 4220
4264 4053
4710 4328
2943 2568
1843 917
2438 3514
1958 5385
2880 6174
1249 603
3071 331
6470 620
1973 3593
356 737
650 5031
5348 6115
2988 2370
1182 6788
6201 3978
804 6083
4129 6691
385 973
2596 5130
2140 3728
6620 2172
1824 4899
6011 6367
1196 5321
99 2528
3552 1837
5548 5253
2116 4893
136 3526
5269 5262
5706 3812
2546 6577
3432 1342
141 5454
2326 3207
4351 2890
6193 6419
1717 6699
5268 4585
3275 1525
33 421
5573 1707
5671 6468
2126 3129
226 2556
6170 3161
4596 6011
3476 5416
2779 4017
865 2112
431 561
6926 1177
5018 2074
3765 90
2791 4510
4954 3565
431 1971
4517 5721
3227 6063
4872 3718
5058 177
954 6689
271 4982
3371 5730
6817 826
6768 1362
4885 470
1125 6683
5793 493
3686 3000
6592 1767
6532 305
3519 1112
2544 2146
1521 2386
5982 820
2658 4427
5145 3468
4710 2600
6716 6498
6551 1764
2628 2187
5447 3148
3965 4901
5785 3770
865 4250
6621 2048
3654 6588
575 6166
506 5933
3676 562
2983 4291
5840 88
6832 6606
4296 6493
5449 4991
4777 3738
6143 500
2309 1227
3525 5442
4839 6768
2137 3102
2679 830
112 2806
4219 2221
4259 5998
1808 308
5272 5603
3796 442
6688 6380
3882 4630
6154 6743
5747 5603
873 5357
5532 4957
636 5882
5806 5973
3813 3571
2803 490
2764 4964
448 2123
2098 1504
3168 1435
5048 6516
6710 122
2672 3379
2750 2990
866 4350
6855 3887
5161 1429
1695 4540
1154 6046
5207 558
1269 6054
2531 5301
1164 4883
4141 3983
3940 5822
3583 6693
6861 2393
3988 4872
4534 5184
3767 6127
6128 4144
6162 4424
2090 5053
443 5644
5945 2996
4997 4148
4658 4614
3683 1184
1405 340
1133 6599
6055 1354
4574 160
5064 1225
3933 4152
5092 3192
2352 3702
587 3603
1854 3809
3099 1897
3325 2880
4198 5291
3974 1610
5587 5093
2465 2413
3194 6159
4519 200
6761 3742
4255 3347
316 6627
3392 462
4291 1231
464 1880
6113 4953
3356 3179
3813 431
1069 61
2240 3381
2044 676
4817 443
1789 6127
129 494
6523 4200
2174 2705
4384 2797
6478 4077
6999 4566
262 529
5211 3869
3532 6927
6937 2693
1261 200
5367 5584
1044 1766
5334 1734
4990 302
2501 3738
3993 1536
6912 6730
4452 3887
2568 2544
4210 6100
5940 2706
3657 4834
4460 2617
6935 945
132 1808
3862 1075
6412 1999
61 2240
2710 1493
670 4371
2102 2501
3159 2804
4716 6609
1047 469
5382 2876
1121 5001
4968 2114
2102 3864
6979 2983
4016 2421
6885 315
5613 821
2684 2807
3117 4380
6295 1977
6514 3946
1395 2939
4449 6760
5884 1297
4515 1579
2258 676
1391 3946
4646 1815
4923 4750
12 1180
6312 3024
6299 6779
1970 4019
2918 3995
5492 1050
508 5102
6697 1776
1726 6757
2913 4643
6698 2634
3879 4906
5651 3912
5116 2873
4099 1406
1149 6438
4932 1761
5393 2254
4295 4788
3391 5471
208 3877
5590 901
2147 1467
350 6957
822 4005
1522 610
6355 2540
1660 4654
6397 3825
5889 5250
4306 2851
5232 4064
2169 2536
4979 3782
1780 3056
4447 4735
2010 639
4023 6185
816 5694
247 6675
3755 864
3320 5843
6086 157
3383 6298
4717 6337
2170 2415
5859 6033
6899 1831
772 5720
6312 6865
4343 5917
2418 3053
6534 219
2970 1833
6629 3728
6576 881
5318 6184
6366 1384
1697 1371
175 4061
261 994
1834 425
2772 4783
6837 2005
5733 1395
6997 5015
4277 5855
4040 5918
3612 1643
3682 3680
4935 6854
1963 1641
5116 353
5165 6015
6579 1726
4892 1460
6778 5033
3531 5505
3726 981
4066 3023
6968 6470
808 3520
876 3684
4096 2537
5560 1700
2582 6858
4864 2158
6071 420
4500 270
5370 4254
1978 5303
5564 3851
754 1953
5795 3427
6940 1750
1979 5345
4134 3182
2079 6033
4187 2150
3244 6732
5783 3650
6328 1822
6225 2956
6608 5795
2710 3316
845 3547
2563 3625
2631 4740
6402 4233
179 925
901 1686
6898 3610
4243 4100
815 6790
2217 4089
3552 2532
4941 3689
170 3904
5185 5445
2156 181
3973 5481
5664 4272
1402 813
1410 6297
638 6435
4189 2209
2404 2270
1719 1706
3773 3102
3547 25
6418 2600
777 4832
6202 6028
4406 1757
2511 2185
6323 1818
2746 3628
4209 5000
6995 6467
3555 5121
2822 1978
6760 4832
1088 5018
6217 5939
393 1013
5571 1400
6751 409
6060 2545
285 4087
2638 6279
5178 2886
4319 5972
3523 1521
3171 3684
6483 5446
2301 948
2653 167
6640 2707
64 6205
4290 5010
1053 3833
3264 5701
3082 3882
3204 4676
795 4911
104 2402
730 3999
2580 1013
3020 2243
4809 2128
62 5906
5525 3482
2655 6269
4802 4072
334 5867
777 5068
1832 5239
1425 5491
6365 3376
3176 865
1745 5351
1148 6779
789 1398
4101 1888
3132 1735
1589 3527
4881 5523
1275 4923
3678 1022
5441 1763
3440 4457
2118 1352
2860 4013
1556 2795
4349 2086
648 701
5118 6646
5644 1531
2992 3812
5591 2847
4673 511
926 6521
3242 2516
1693 4218
1321 2332
3606 1097
6373 5064
1573 3145
6480 1959
1482 6240
4672 3201
2843 2043
5073 4885
1383 2595
3488 4207
3529 2867
5263 6680
3728 6299
3372 3537
5876 4763
919 4533
3659 6239
305 4130
2667 1039
598 1216
3103 4206
1526 5063
1422 3440
4434 2018
5632 1993
3855 4439
512 5949
4310 3177
3465 6613
3077 1112
2793 1141
3501 6193
6996 3503
3056 3912
8 2254
6378 4058
286 313
1538 1807
6056 3618
2464 409
1869 6018
2078 4331
77 557
5685 5796
4622 2861
5479 6683
2137 4753
736 5620
1893 2979
821 3575
1006 797
2714 5917
6092 3571
493 2695
5730 2869
6391 2643
3155 2693
746 2143
2087 5838
2188 5379
3002 6139
4985 4015
3742 1177
4165 5709
6857 6672
3600 1867
5600 1185
3763 3561
6422 5944
2630 5736
6152 407
1546 2707
1478 5053
5939 6014
3164 1507
4579 2812
1949 3896
6224 6262
2488 3309
5737 4403
3506 2947
6045 6048
2613 3821
2052 4243
6579 4661
1261 6891
4214 5806
3510 6911
6192 5076
6115 630
5188 1712
3736 6001
5324 3420
4846 981
4930 657
896 1306
5082 2730
1712 5992
4677 2287
1144 5095
2579 787
5078 1909
1216 1736
6828 6424
6502 6582
3381 6737
6529 2002
6348 6846
3173 3683
2144 6890
5832 4339
1029 2595
3443 5107
4405 2327
6334 2448
1395 6118
6288 5202
4500 264
3634 6628
3200 5588
4157 3374
515 4352
6634 5152
920 3888
6170 2729
3364 2894
2520 4194
2943 4778
2316 1845
3431 6734
5196 275
6376 6383
4454 4934
5642 1686
5372 1435
4665 5480
6367 130
842 4862
274 3577
6304 960
6726 4359
6597 1537
3694 1819
4150 2396
2872 6999
5471 2582
3307 1063
2917 4674
2279 6079
3018 1708
4887 2052
6964 6413
3408 984
5605 64
6921 3472
4696 6494
2359 6882
738 5592
1652 6724
877 4075
4032 4409
3337 1198
5220 6640
4298 2698
3523 3230
4070 5485
36 1049
5877 6328
6028 3597
638 5469
5394 4869
3941 4397
1144 71
4297 6110
276 1267
557 4151
693 861
6340 1276
6572 6484
1903 54
4556 4082
3 5509
6409 2329
1677 2109
4379 4180
129 4598
111 2812
5161 3031
1904 4840
6449 3768
3302 521
3066 3871
5325 3267
6481 6638
6008 1007
107 3935
1178 5132
3834 552
802 558
5254 5049
6901 1022
1853 4792
3003 2337
5748 5028
3642 4526
6018 2432
1763 4157
2362 1602
4277 1756
2201 3910
6332 4923
551 2210
836 2467
3482 5431
6709 6653
1945 3396
4482 2225
5843 1493
2966 2382
6754 3696
2460 2172
6574 1613
6366 4005
1058 4839
4429 4105
443 6468
1789 4539
5499 37
2942 745
460 2093
5651 587
6274 6935
5320 6730
4148 2560
2416 2676
1201 4677
2332 397
6338 1262
2415 6789
3335 3732
2157 6069
3174 2771
2782 2464
454 6060
5414 5379
3958 217
2855 3932
4181 5230
1464 2721
3463 480
2870 2573
6675 1196
720 4801
3068 5857
1075 5162
6739 66
5500 5155
3009 2477
1919 5665
998 1038
2781 6794
4219 3177
1025 683
6871 6360
6974 5729
2088 3365
1288 1811
3337 1151
3238 436
521 5774
283 374
4546 1972
2859 1855
5164 4536
4823 3703
1488 3226
839 3095
335 1298
5397 4776
2599 5275
5750 179
4792 2490
3279 1721
2073 4266
3147 1763
6171 4428
5884 5050
4827 5179
6413 3011
5837 3773
4178 2079
792 1310
2145 1885
3105 655
4773 1852
5040 2716
5432 3174
6922 6962
873 5224
2540 4945
6654 617
6945 6116
2873 187
2829 4680
5345 2610
6795 4534
852 1297
2081 6457
10 1484
786 2550
5986 3271
214 4367
2225 5936
756 3921
4371 3829
741 517
2120 6396
210 6793
6384 6431
1503 3803
6933 5319
1393 4514
3201 5622
5689 2558
4323 3777
2156 4099
6768 4427
1958 6858
5625 922
837 4718
6042 4571
4151 3880
6956 3385
1479 252
6624 5712
1587 2829
6797 2111
2133 4016
2896 4168
6499 2994
5092 3639
3829 4894
768 2308
5967 6556
334 2179
1077 1799
895 6050
5653 3023
5139 566
971 1838
1113 3825
2052 4521
3215 3307
756 3594
6761 4038
6686 45
4087 1606
3229 2311
2268 4712
3592 4877
1838 6672
3291 2016
2146 6447
822 3345
463 6408
4573 4190
5287 1245
4962 1481
1561 5992
1225 6908
5785 6951
4123 6325
4796 3644
464 1402
6847 1670
6323 2605
1107 1295
4449 3547
508 6004
4316 4447
4970 484
2950 968
502 4804
4895 6948
5837 6813
3207 5941
2726 2526
3314 5995
2606 6334
2292 1456
645 1273
4275 4284
1505 1503
1678 4117
1593 4642
4444 6100
5252 4005
5243 5771
3887 5872
2864 3735
5811 6154
6688 4686
504 932
6549 3646
840 6492
6526 6281
1555 1998
6512 3478
6867 5484
5475 1741
2003 2714
2421 230
998 1636
1180 6703
2607 5953
2134 1516
4652 6081
2188 3998
5043 405
6535 4682
2921 5868
6692 1809
2216 4598
6509 1208
4165 2679
4422 378
3085 4729
254 4516
5937 2592
703 1211
1890 2503
3383 437
6983 5182
3854 5184
2370 874
4187 590
5773 3755
4815 1543
597 6844
1490 6481
2586 5588
549 4115
1155 789
6092 2696
2350 627
3199 6165
3486 2355
6840 4243
2107 6500
4252 578
3275 5953
2394 2022
5798 4427
5578 5766
5135 1985
3964 6551
4138 1563
406 1868
2899 4014
3574 1675
2709 1595
76 3634
6960 5724
4122 3703
5320 1699
1676 758
4686 6955
717 3503
6454 3314
6103 4179
5839 6330
6222 2266
4432 2311
5109 3471
3760 6157
2274 729
298 5898
2571 6613
6169 6519
3236 6893
2248 5630
4971 4841
5884 5705
3608 1893
4815 1172
2324 6905
3937 534
4591 6849
5603 3507
11 3501
6800 558
1859 3099
4043 4195
1228 3885
1469 2595
342 36
1259 5942
1170 1116
691 4480
2837 2208
4392 1970
1400 2165
3312 6825
5918 1708
6165 162
2913 6628
4980 93
6034 3512
191 5380
3904 965
6916 790
6434 3153
4495 2067
2714 5251
5077 6749
5856 5435
1983 6196
6707 2434
6592 2806
4531 4538
5340 3119
4032 1457
3728 1694
484 2237
1144 6668
2078 3694
3849 1906
5830 1764
4825 208
4666 1157
1377 818
2661 2199
5547 5996
4299 1868
5157 205
1379 1470
2188 99
2754 4786
2978 947
4435 6722
3620 175
1981 1342
5746 4928
4725 5248
5768 5611
3015 3569
2366 1428
1275 1729
3236 6354
2318 5940
2835 1547
6276 4743
929 4652
4972 832
4390 4464
3735 1109
3268 6776
6552 1196
5487 1118
3358 6556
2829 4213
3610 5597
5115 1982
3044 6969
4440 860
3152 4981
2142 5908
744 5294
5742 4308
2941 6518
4771 550
6079 1064
4131 2411
2495 2728
3597 644
3575 5582
3220 5012
817 1256
3360 2
5490 166
3717 3435
1295 5370
601 3439
3222 6699
1124 2289
22 6043
4680 1238
6533 4005
6910 1841
4049 1959
2738 1025
4436 994
4909 4663
4066 3846
6911 3489
3227 6391
5405 984
3708 5176
1994 2740
5347 4341
2535 2916
4073 1797
1606 4817
6088 4852
5061 1260
195 4385
1471 1868
178 2414
1087 6749
1877 3368
6569 421
918 3940
483 11
3398 982
3270 3067
6633 1790
2286 2290
856 5490
6874 1274
373 1028
4824 6890
5377 6076
3335 1305
3001 6348
510 845
5700 1055
277 1848
6057 4736
6034 5326
1939 1653
3956 4153
3109 5221
5526 2216
6665 799
4122 1392
4629 1517
1810 2660
5088 1806
4112 4252
3850 469
6542 4917
765 1850
6122 3785
1615 3939
1699 2730
2578 1202
6044 3549
3831 6825
3493 3341
1707 4195
780 304
3454 618
2163 6331
4978 2671
2442 767
6999 4878
6975 3751
824 1146
568 4024
1061 6705
41 5907
4156 5678
1125 3762
2029 3738
5842 3884
5609 53
648 1220
6209 5449
5450 903
2095 3838
3846 548
4669 2259
5015 1994
5465 5145
1496 2940
969 3237
1236 1224
2991 4752
179 1836
6134 66
95 6069
6603 5746
4218 6225
3695 2776
2014 1685
3284 5303
4245 4158
3883 3674
3939 4440
5678 2854
5203 2496
5680 1999
5636 5064
5241 6746
2889 6562
893 3696
1667 3493
3178 2349
6109 6697
5305 779
5599 1661
4001 2691
3405 2225
2703 2460
2880 1039
4367 2095
4955 3174
105 5232
6596 1293
1421 5274
5666 2640
6577 2020
6402 5944
5945 5862
2856 3032
1876 270
6109 2873
2111 5359
3154 5945
3879 1841
6810 3248
3172 21
5321 1695
4065 5589
820 2252
4220 655
1194 4272
2227 1987
486 4444
2675 6907
6925 3408
3352 4058
5749 201
4952 4809
4390 2663
2887 6304
3252 1233
839 1931
4801 2748
5149 5728
4122 1808
6834 1397
6971 697
3346 438
5608 2912
6413 286
4778 1593
6400 2634
4235 3453
2306 5747
73 5625
16 2741
5444 614
3137 4342
440 4942
6446 2745
746 5747
4311 4660
4935 152
1813 6204
1104 2365
5093 3174
6118 6021
3394 1369
6693 1499
1022 4033
1072 3853
5836 4129
3629 909
5695 4273
1997 1632
4390 3925
2157 6832
3334 1522
910 4329
6321 5148
1120 5616
725 4153
4157 1061
1526 4805
1285 5454
4900 4950
1183 6110
1465 3454
341 699
3346 5203
6355 3772
1919 3049
1723 282
5251 3293
5771 879
5600 1830
4362 2458
3478 3533
1795 4358
3587 259
2777 3190
5724 6640
3660 3060
767 1194
3683 6398
2929 970
5784 530
5976 2034
6506 6434
1534 2785
5155 4536
2926 4896
182 3544
6570 4521
6532 1132
2784 1424
1670 5555
6660 2036
4971 6782
4264 1008
3014 926
378 792
2965 1469
996 3690
2582 5526
4757 4010
4074 2734
2442 1648
1615 788
5566 5748
5686 5755
539 2573
873 5522
2057 3087
4707 5833
4618 5500
4705 2055
3982 3031
4678 6347
391 1082
2813 112
1297 4763
3457 3959
5855 5441
6604 586
5954 51
5267 518
5992 2539
4620 5934
4215 6525
3322 2022
3212 46
6416 5996
2449 665
2615 6291
287 3729
4695 2640
6059 1566
5040 6387
5839 3527
6578 3805
6024 4146
912 2697
2803 4524
6099 3096
2783 4552
3236 646
1544 3252
2595 1757
28 4620
3507 2470
2613 364
5024 1849
5543 5311
3627 6110
667 5454
3772 5261
3223 5157
1522 2459
4279 4278
399 5213
6483 4270
6166 3855
5455 3050
6959 994
5288 5372
1824 4123
5963 1050
6972 1993
4091 6385
2298 1559
3925 1418
2994 5271
6772 5795
4960 3556
1603 4448
6483 6991
5943 1834
5813 5910
1851 2743
6431 4365
4975 1303
742 3940
326 5751
5233 6674
2785 3964
5224 2177
6910 5448
4177 5136
6860 5529
5778 3094
2102 2735
1027 6640
4199 5374
3833 6746
729 5740
2746 1236
3633 2888
6607 5844
4189 935
4090 6262
4875 4207
5209 872
2605 3110
6740 2172
3526 6876
6482 3031
3296 1572
3155 6032
5980 4247
2317 2323
2181 6191
2183 5838
5600 6494
2677 3504
775 1478
6953 4648
2424 477
4400 2324
6218 1482
2113 5319
4248 1580
2787 3768
942 4413
3450 557
6645 1154
1258 3541
2371 2654
3611 6894
2049 1633
3219 2240
4075 3479
5323 2527
4079 396
6354 2836
723 3364
6136 4276
4854 5341
1457 5702
2993 6571
5879 3008
1501 4348
6472 538
2616 6199
3088 4481
4593 756
371 1905
526 2422
2476 1068
4782 1377
4702 5625
4341 5220
6886 5272
2044 6125
521 3594
1792 1992
2988 963
6008 6595
6615 3618
3340 690
6072 4888
210 6257
5406 192
6122 4923
6111 3943
2202 5426
6419 6353
6834 6090
3076 976
786 5070
2095 2373
5503 1684
41 4299
490 5844
1556 5619
893 5983
918 6607
2301 4375
126 3820
3769 1391
1448 3290
2253 3095
5781 5453
1065 1357
3388 5066
4082 900
5855 80
1438 2997
4155 5309
6214 4695
2575 5535
6317 4194
5695 3842
4051 3358
6850 1067
70 2903
2371 2494
4406 2327
4318 6001
2121 5328
1886 4981
5606 6866
2425 6273
712 1487
3518 4076
1548 3609
2298 4054
2417 3123
4909 3847
4797 2453
3382 314
3370 3001
4699 4245
1310 3166
6301 4341
5868 5269
3391 3084
1941 6995
383 4085
475 5646
6553 3703
4892 4116
1704 5355
5289 2802
5876 612
4663 156
6093 5920
6195 1380
13 6760
1729 957
5326 2771
4200 453
3452 3506
6765 4651
5880 6346
3621 3424
5316 6753
2840 4128
1932 1340
3622 2208
446 1475
4811 392
5084 1742
5930 6901
2240 1152
5000 1063
1193 4556
5713 6541
2057 407
1236 5025
6353 629
6026 4341
4228 3787
4608 4157
853 6045
2371 1568
6840 6043
1915 2052
6964 4301
5282 5732
461 870
6484 3978
3028 5181
5232 1135
1097 5514
5925 4773
4230 3916
5428 2732
6523 6269
1787 6960
5311 223
4593 6550
1797 6957
5809 3086
2273 6536
5683 6595
2462 6286
2944 3524
1137 2403
2324 4538
1558 238
3624 2828
2849 3932
6476 3605
6873 4050
6087 5117
4339 4574
2100 6880
6103 3106
6849 1608
6808 3845
5500 2490
980 3786
5177 6848
723 6582
2157 1342
1978 627
2487 2964
3423 5531
235 2609
865 4676
1783 4627
6597 6553
2374 4476
2839 2601
5763 4203
5355 2838
751 6640
272 1833
3751 3038
2748 6555
5856 777
4477 5713
2210 1618
3756 5551
4147 5864
2870 6691
6630 1375
1497 1456
6658 5017
5641 6809
1284 5212
1292 6476
1810 1453
4128 210
4101 4760
2882 1967
3132 4684
2273 3244
1605 5288
3 3494
6514 2581
917 6589
2591 6973
1185 235
3896 2236
2825 3902
5968 5541
689 602
5718 5457
1236 933
5464 5365
862 2258
3122 317
1622 1642
384 1641
1329 2706
5332 4812
4292 6809
3138 2698
4362 1194
5974 5999
1171 1540
2941 3274
1408 938
2419 4604
788 4876
4996 6325
999 4844
469 3138
542 3109
2772 3349
747 1507
532 2204
3581 6866
2370 3996
3031 5189
4770 2023
6259 1145
6559 613
343 785
2595 992
864 6291
1973 6465
4075 3796
1254 6644
37 1555
3407 1406
1802 3974
3658 4795
672 3844
1011 3427
6136 2358
5455 287
3757 3058
883 4037
5187 1997
5873 1062
6669 3845
1417 2812
1126 1824
4609 5254
5484 5689
6483 5634
3304 6048
6509 6517
683 1668
6430 1464
4788 4009
6080 6039
6395 354
6686 2851
5471 1807
3195 3501
577 5849
2150 225
1431 4557
2971 2752
1209 1214
2468 4117
2030 150
962 6761
674 1241
1930 3453
5297 4154
1694 5374
4464 2554
6316 1168
1374 3481
1136 1606
4093 4081
5950 2303
2640 4679
593 616
1827 739
5907 5999
406 2805
230 5098
5474 4554
4790 3031
4841 6237
2258 1730
6615 5937
6115 2103
6679 186
5069 1150
4354 5568
857 426
4790 2947
3810 1549
5035 247
4090 5670
6270 5172
1246 4615
2584 2513
2237 3492
5622 6112
4114 648
5977 467
2240 465
1771 3108
129 6657
3213 1919
186 999
2023 4470
1344 6140
753 6883
5116 2521
6117 3674
3124 3217
1374 4336
4117 3228
5803 5857
827 6661
6412 6309
2026 913
57 4592
914 4225
6370 3394
2258 5790
3335 2062
451 3827
4925 4443
1061 5418
1753 3028
4282 6520
711 2212
5997 5012
2033 4975
1640 5760
1347 3123
3768 6122
5198 922
2566 3539
4938 6168
1779 1569
6722 3342
3392 3281
4938 2698
2132 4809
817 5387
5595 3777
442 1202
2536 4010
5347 4174
6724 6740
4679 1840
1821 3958
4465 1033
4489 6185
3061 4095
6153 6001
5422 5838
6709 2208
213 557
2930 1046
3649 4361
115 118
4211 6497
1460 3390
3169 2074
5894 3005
4192 223
5417 5972
4859 2569
6371 5010
4750 2320
6479 5771
1548 548
650 2772
225 4433
1340 4159
1946 1355
5976 4092
4128 5852
246 2495
4827 2786
3638 4139
6104 1803
280 2065
6461 3252
2429 4583
1011 3927
4165 3285
6225 2897
4116 4656
3359 2673
3800 5371
4743 4746
4903 3057
4051 3910
5634 2753
1009 2652
4231 3838
972 3122
3920 4403
2723 822
2529 3876
6698 6009
5505 3166
4609 3776
5259 2987
2107 5540
1704 3248
271 6094
4011 1861
271 5926
6189 333
2804 4936
1515 1701
4252 5442
4449 5299
337 3114
467 6353
3453 4004
699 4416
79 392
1868 1250
6291 1283
587 4999
5826 2826
4514 3473
6507 4291
3474 2502
2722 6664
1588 5668
926 3384
6637 1149
6934 2891
2612 5928
468 3141
3302 2297
6634 2618
3325 4139
19 89
4878 915
3395 5109
316 2188
6866 4385
6592 2848
1703 5738
6077 2153
39 1450
609 1202
5288 3796
789 6068
5865 17
4250 3450
2610 3118
818 4686
2637 4037
5658 6875
6789 5981
1733 6546
349 6497
1506 728
47 259
4402 3670
5522 4934
2436 2787
2824 4960
1509 1769
4672 5779
657 6407
6250 714
5318 4979
4058 2295
6634 4481
3596 6442
732 4077
459 1675
3705 2739
4368 1850
4648 5941
1508 2957
6853 3240
6315 6200
6218 1513
6304 3643
5559 4617
1210 3753
5336 3140
1638 668
6224 6134
2883 5406
3886 4172
2909 2461
529 4055
2373 1548
655 5959
3410 2084
4089 3129
4686 3642
836 4875
1368 3250
3012 3888
3738 4384
2361 1838
5986 403
1244 5597
1110 5324
5687 3178
3616 1607
4178 746
884 1388
730 2900
6859 958
3776 5990
5458 2888
1424 4556
4834 4823
5597 5548
2530 2911
1596 3768
5400 4284
153 3771
3255 6140
5716 5124
4626 6022
4629 4216
2344 3401
5726 5435
6467 5155
3540 1646
2277 197
1312 1358
1749 5144
6935 3031
5668 1207
4994 15
2020 5749
3462 481
6227 93
2662 6379
2334 1250
2226 4963
4279 1752
587 1182
5270 2276
5726 4722
1391 5567
3301 3375
6746 5522
6986 5661
4852 2067
555 6987
327 3418
6538 1575
6736 5501
262 4654
4275 48
6324 5840
5427 2032
652 5915
3257 1155
2988 521
5635 6522
6409 402
4755 2735
3379 4116
5913 3096
6763 4512
1097 631
530 6097
6245 1758
4471 2543
694 2377
1209 576
3030 303
3307 3375
2994 6096
546 1069
2589 7
1794 3307
1588 1268
6778 401
4840 6762
5404 6913
99 1222
6682 3021
1496 6861
4860 6624
2799 1884
1092 5344
1968 2743
4616 4475
5943 5371
1355 1911
5609 4127
4540 901
549 2420
6690 6715
5508 749
6911 2846
6505 6314
4310 5879
2946 5179
5584 6328
4463 4562
2255 569
4375 5260
76 2686
5497 2287
1500 4364
3477 5492
3110 584
6686 6837
407 1952
1965 2851
673 3193
2253 2117
4092 3277
63 4939
6778 5348
4252 4286
113 2258
4582 4680
2217 3047
4734 1435
5129 2927
175 6961
992 3044
1281 6357
1856 1990
675 2680
1876 2497
6740 3943
2795 3816
2096 4604
6859 3469
1641 3598
3033 328
4455 1845
5264 2015
116 6739
4026 4063
2542 5418
3518 3099
659 3619
1523 1172
4113 6263
5949 6762
1367 980
2346 4999
4986 759
5868 4896
2843 6146
5492 4948
4721 4804
4591 4901
82 4394
3863 2252
4716 2273
3757 5301
5146 5143
1793 703
170 6115
4350 1027
5413 5264
406 4661
5123 3169
5532 4586
6401 6015
4954 2492
2116 603
3521 5081
167 3113
1883 643
3327 4925
849 4276
4208 3962
5910 2916
6725 537
3121 3864
3623 2268
1344 4692
3457 5755
2893 2740
2910 4861
3269 5772
700 5211
6361 1239
4423 3493
2313 4483
391 6457
742 2274
932 2216
2685 1157
3265 6773
4604 3814
1429 6991
1582 5073
952 1427
4694 1242
6262 3328
2801 3220
6312 2574
4979 4133
1489 5891
1232 4932
2496 3905
5555 4943
5433 2198
5479 5379
6962 5934
2995 6085
4092 6700
3793 454
2183 3410
6667 1402
6603 4501
6039 2333
5877 3865
6229 1474
5773 6010
4300 1984
2757 1789
2881 5536
4970 5034
106 3403
5436 2994
2150 6467
2047 2370
4390 5590
693 950
6459 3820
3858 2587
4993 6856
5127 2274
807 2170
4065 598
1365 5095
2900 2466
4345 474
6663 5410
5263 4605
4367 3548
6777 5477
6665 2144
6220 4419
411 5666
148 821
2870 3974
399 2154
503 1743
667 5349
6477 425
2389 1753
917 982
4339 4899
2156 5225
5849 5366
2312 3301
266 1365
4939 3403
3895 3128
4396 1202
6697 560
3760 6711
4135 1061
4614 1533
2944 4963
962 3116
6808 4187
2930 4384
1152 3019
5603 1778
6005 3028
3434 1850
5781 3345
299 648
5170 2332
924 5547
4372 68
6633 511
3871 3441
4778 6811
3768 2739
5979 1703
2436 697
3010 2446
2884 1100
660 5616
6266 1588
6896 4136
6940 5805
2657 1713
1051 477
3615 4004
6978 6083
3902 1202
4673 248
5653 1101
2745 2655
5250 1381
552 834
1745 2891
2795 6698
4655 671
5338 5345
3967 6826
1735 5234
607 1451
6099 308
3247 4945
1190 4999
3441 2345
4171 5455
6262 3419
6281 6835
3203 2905
4674 6719
3406 3931
633 5497
5798 2516
4614 6173
362 15
2396 4840
4896 1371
5314 5717
448 1382
6006 5066
5838 3008
4402 2513
2 6520
1570 4467
1477 1977
5598 1782
6498 4262
1274 3036
6050 3789
499 4212
897 4731
5764 6123
1485 4774
6224 4592
1166 5776
2680 100
5698 4007
4065 926
2375 2371
5925 528
3555 6695
1680 4285
4817 178
4927 3443
6551 6383
5740 5833
5097 5190
5213 6039
2607 2641
1902 1954
2760 732
76 6207
865 5649
317 1360
825 2503
5836 1370
4702 5533
4930 5222
2445 2477
3783 2598
1861 3029
6680 42
1678 2983
3861 74
2191 1695
5765 5442
5374 4748
5611 1478
4792 5605
761 4678
5535 3525
472 915
1082 6403
1831 5745
1925 4309
505 3704
6975 4417
6588 2569
2551 1976
2075 4221
5000 1501
740 322
2704 3558
1956 5993
893 5337
2020 986
5535 989
6253 3546
1817 3954
2403 5555
4669 1733
647 2918
3532 6961
2336 4213
6892 2283
2466 3478
354 3447
5447 6354
1920 6324
3886 3200
2387 6391
6338 6158
104 5517
2795 3850
2737 5120
2245 878
5295 2960
3351 5180
1828 3673
6645 3016
1648 2754
2354 2058
6453 2750
6036 2336
6135 5769
6671 6271
4479 2874
2417 1072
276 6812
6461 4506
3278 5186
5751 5717
59 3386
4502 6003
4823 4228
5631 2325
1352 6711
4385 508
432 3219
913 4545
5023 2831
966 6588
2226 4721
2920 5844
2723 547
3566 6010
843 2455
3023 4499
6740 5374
4833 3187
4339 431
4311 349
304 3341
2064 2723
4468 4322
5237 3137
2562 829
658 5576
6087 5011
2219 3684
5320 5832
6897 1843
4706 6436
2666 823
1268 6863
944 2586
1321 4950
2046 208
6414 3522
759 3765
2685 5073
4918 2501
4392 5031
4194 4965
2827 6790
4726 3227
4947 4342
3930 1999
3913 849
1014 6399
178 4984
1286 5454
5246 3831
6904 3392
3677 3690
5089 5551
5749 1855
1864 6592
2469 5381
4687 2960
3213 6437
797 2875
1197 451
1488 929
427 2605
1901 1914
2144 1880
6630 1073
4329 3900
5907 5814
3406 4210
328 3960
5674 838
3744 6965
497 3534
6514 2087
2659 270
1482 6013
4087 2029
2826 6689
2843 4383
1726 4112
3375 3838
2900 2748
6648 61
2741 795
4578 709
3803 5822
406 3002
5556 1555
3123 4217
4330 4100
4049 6991
1943 2678
957 2685
913 2258
735 6011
3979 81
6243 4049
6079 4120
4282 2997
1841 3705
841 45
5224 2372
3920 2404
6124 4784
2697 6999
1831 1918
578 3822
4503 6826
877 1631
4859 2976
4245 3244
5682 211
3542 5074
4854 5302
4422 4283
4012 614
6054 3809
2583 5683
1494 6305
852 870
5542 6729
5801 2025
3673 2061
3246 615
4138 2885
5115 3497
3350 688
2177 2806
1778 6747
2002 3776
6620 2378
5029 2559
5579 2520
3973 6272
3876 6490
6014 1910
2439 4211
2144 4033
124 277
3952 5856
1101 5744
5864 709
222 4092
4185 6857
2958 319
4963 2709
2729 1544
5330 4258
11 2281
4094 2899
1171 6558
3511 2395
159 1081
4398 1997
2893 6259
2000 3885
3786 6335
4565 2787
5515 6845
3312 1984
6030 2271
3819 2920
1685 3023
1884 3682
6193 1192
1269 2964
6183 2554
4255 174
2083 1244
3671 1538
5393 5042
3240 5092
4722 6117
3262 2674
3874 1141
1107 2270
2708 5947
1080 3301
990 5882
1161 4707
5979 4995
4862 1712
4176 4451
3823 4054
5626 6478
5848 442
4429 1947
4397 2103
4144 6338
5126 2020
6021 3665
2399 4523
4088 2806
750 1125
6724 2663
4109 5494
5162 4367
2034 3597
1052 4188
2287 2387
1658 188
6285 5047
4853 2432
967 6737
467 292
3195 6345
5017 4383
6884 1288
6305 6465
1303 3080
3601 3984
5969 4216
1760 2580
6915 1278
5591 3279
428 6436
788 3775
4090 3669
6388 6558
4035 4311
1856 5624
5924 6851
3151 5449
2427 374
6763 2128
3425 2535
1413 6993
2838 6507
2431 1563
1304 475
3294 5785
5916 2310
6680 1368
826 6931
4285 6966
5342 6034
4484 3314
3254 2073
2833 3919
667 4114
2081 28
6283 640
2297 3384
5117 601
2596 4712
76 141
5953 4108
6283 5653
5923 5178
5565 5758
1193 55
1404 6945
4626 6695
6652 3409
3214 6507
999 1009
2727 5713
5350 2731
5769 6125
6747 1784
3436 3673
6695 978
4695 2024
5437 6072
1966 3649
1689 4004
5198 1826
2985 3519
6580 1261
5409 3513
1827 343
3731 1771
1632 2522
6866 5753
5285 2559
267 750
4811 2517
4384 51
3371 1074
6080 1932
5337 775
1504 523
5092 3866
6161 3265
2263 269
3644 4315
4295 2945
6625 354
1126 887
3390 3351
5177 905
1208 3802
547 3577
5275 440
6957 1177
2701 6676
1776 1578
5172 1612
3375 1962
4781 4218
5357 2954
1608 4338
1840 4268
2433 1215
3735 2734
833 6130
2260 4734
3072 3317
3021 4046
6982 6796
3524 6340
4588 4897
3227 4387
2061 963
4398 5941
2938 907
713 918
5805 1825
5580 6418
2028 659
3057 5836
2072 1009
1263 2370
122 5059
1776 2858
856 1401
5459 4995
636 5853
2430 3229
1793 1566
2725 921
2350 725
1556 5718
1386 1143
5928 493
2299 3063
1874 722
1086 2785
890 4602
6540 6864
3937 1603
3617 5333
2914 3937
1155 1649
3125 1284
6879 6229
6319 6941
5153 5117
6239 3051
488 3656
1345 1488
6271 903
1435 44
6559 1767
353 3666
5219 5954
113 3399
2894 4186
2184 4192
1619 2534
860 5135
1742 3389
2218 2890
50 1656
6976 6061
452 1424
1586 1276
5920 6760
6042 4288
4797 1070
606 4665
1672 3183
820 5518
902 4252
4488 2946
5559 6219
3523 2878
6648 329
3272 5393
3264 1891
1419 4548
2208 5421
4908 6823
5885 2564
2995 4146
1893 6405
166 2637
488 6542
1057 5971
1433 620
6889 3178
5108 970
4175 436
3020 2427
1886 2073
1776 6501
978 6475
1704 3497
6798 6916
2830 5758
2172 1420
5045 445
5266 3409
6627 6842
275 4953
1223 5715
2764 1260
6022 5824
1996 938
201 4369
2539 831
6400 808
3457 6825
6132 2856
6558 2743
6897 6583
2828 734
6775 3456
205 5867
2827 6340
3917 6406
3574 264
629 1375
4828 160
5441 3726
3628 620
4897 3690
1327 95
5789 2322
3422 4140
5399 2924
3336 6783
585 6219
468 6252
423 1252
881 2836
4678 1177
6101 5069
4456 6884
52 2024
5936 207
5054 552
5682 682
1107 2400
1710 2759
1073 5035
4792 4550
3729 4264
6789 1955
649 1742
3902 4329
1877 2637
5062 6290
3066 674
5279 2100
2999 3760
5745 5182
5068 6010
1899 3505
3966 915
6534 321
2749 2603
2770 6059
5538 3219
3846 1304
669 2680
5042 2595
903 6393
6929 425
5151 6919
4800 5764
5765 5836
6531 6755
473 1137
6720 3544
6887 1899
2958 2057
6934 2699
2999 1947
2790 3964
4289 4659
3834 487
4575 4083
992 5615
6944 5699
4468 1231
4021 1471
488 932
1933 3847
583 2707
700 2652
1535 6333
3676 5729
5409 1536
5378 2354
3720 6545
6113 5843
755 1709
5867 5093
4931 4394
1894 1243
2285 6052
5244 2855
5348 929
5181 2753
5750 1139
4201 1814
3201 4501
1971 2867
1503 5354
5729 3891
2604 4088
818 3569
1619 538
2068 6968
6750 256
974 5242
6586 4092
2855 4795
347 4169
998 6841
479 965
4762 5961
6517 6884
6871 6916
2404 6889
4053 5602
841 3961
834 2969
2407 3987
5125 1589
3402 3739
6955 5991
2028 571
3610 77
2845 5687
6904 4571
490 5752
5847 2786
559 4029
6071 2723
5295 4246
2638 6887
4363 521
4176 3120
6791 6601
2522 6462
4511 3134
2817 2248
4619 3870
1924 4488
266 4985
1206 1858
5150 1795
1526 3428
665 4180
5579 6072
158 873
6997 4069
4047 499
1644 6197
3634 6415
579 630
2812 3563
1973 3389
5257 3309
5158 4
4724 5017
4731 3570
1240 5445
5007 5054
583 1410
431 1945
6714 3262
4685 997
4738 6634
5821 4754
2939 1669
2787 3113
889 1634
6837 4015
6347 5867
6648 1968
30 932
4412 6949
3536 6847
2940 1845
2414 5451
303 1753
2538 6655
6815 2845
5874 957
2267 6490
2526 5029
1433 272
5519 643
6431 4713
3769 6420
2615 5485
5874 4252
3455 2221
1898 5490
378 2989
4777 3839
2752 6041
2056 1912
3573 6072
6303 3364
4755 2479
1668 5913
4111 2946
2768 4116
2827 6615
4533 1157
5867 3122
4081 3534
5010 4969
5787 2511
4423 4447
5108 1431
2230 2630
1548 1815
2078 2651
4758 4141
6975 5176
5680 652
4814 357
2908 3856
2010 5413
6916 3261
2141 243
676 1915
3275 3886
2197 3044
6144 4598
3332 4557
6294 1787
2560 5019
2286 428
3655 4433
801 2109
3138 3148
3915 6900
786 3315
445 4909
2073 4933
3645 287
1897 5112
201 538
1063 2272
5945 6906
5169 4981
2745 1947
3641 880
282 4536
2923 2937
5811 5099
5861 3281
621 1613
2865 3723
5850 2530
1038 4411
4030 6650
1430 3706
2465 3791
2144 5821
3992 1933
1362 4813
6465 24
428 3162
6438 3382
4926 5506
3695 2586
950 1167
2802 2974
4417 6368
4593 1788
2168 2607
6302 469
158 4426
681 562
1916 867
6759 3563
3150 1850
1956 2677
3932 1187
4576 5982
5860 4505
975 4914
5278 2007
5968 4004
2683 4860
6631 4351
1688 307
2496 3302
5633 4642
2484 4282
3965 3376
4060 127
6519 2605
4253 2712
6430 950
5582 4991
5849 1828
4363 6698
774 1837
6353 6701
3220 2051
1374 6583
2072 5317
2207 3745
3360 5804
2827 6551
6621 2528
6605 6806
6930 5209
3749 5539
5956 1343
765 5477
2693 3003
2539 6837
3025 2006
1817 28
5623 6379
5796 6669
2009 3256
1689 2772
3500 5076
4377 1261
5626 3057
6997 6000
6288 2824
6510 3343
2009 1652
3484 5301
610 334
2495 1695
4546 801
4957 2709
6062 288
5378 4038
6061 6925
5513 6111
798 3978
6043 707
4486 4855
885 4287
3083 2933
6085 4250
6704 2609
3177 2003
4163 2858
379 1626
3372 1207
5030 2111
2238 6535
1057 5136
2101 2573
1467 3534
449 270
112 1032
3772 5807
5582 4413
5682 436
4723 6859
3263 5325
3925 4959
60 5729
3871 2562
940 3309
4629 2659
4052 396
4354 6844
5517 1489
6916 2701
5506 4213
56 5979
1866 6636
2768 36
588 75
4974 2042
3194 190
3677 2952
4125 3006
581 755
1688 5101
4906 6682
6198 3595
3652 1194
2914 6085
5240 4751
136 34
2360 1314
4500 2835
2205 6390
2494 1757
4233 1487
4796 2983
1843 2547
5420 2503
2431 1620
3631 3819
1745 3299
4638 5975
5566 3495
2832 990
2189 4129
5994 3462
6392 4387
300 6765
4529 6221
1827 3497
3037 4325
3447 3512
6612 3776
3019 3905
4855 5641
3628 6712
1354 1316
5698 1800
5766 5313
2719 6277
3182 483
1894 1385
4771 1931
6523 1858
4744 4945
1119 6214
4853 4326
5130 4772
5201 6993
1841 2048
5770 4047
5731 4516
3677 6698
2620 3841
298 6059
5832 2414
1402 3568
6171 93
2317 4519
1104 2751
3526 3608
4674 3217
5311 3233
1558 101
4728 5883
2036 3380
1985 6475
4071 5029
6657 6144
5101 1947
3148 1366
3707 3415
5215 6945
500 3294
833 2786
6073 6884
4597 711
1390 727
149 5308
1912 3276
5047 3094
4950 3619
3489 440
4729 1493
4492 45
4411 1009
1092 109
1881 6843
5541 5584
3241 2165
457 3030
229 3733
6427 102
2141 5254
4334 5262
1345 1939
3542 297
1636 37
1799 3832
2768 4765
2611 4242
6156 3321
6640 550
2172 334
4395 640
5258 6059
1194 3579
3961 4497
4028 5322
6410 3331
2414 6608
526 826
1757 1568
613 351
626 838
2470 1214
1189 399
4443 849
1239 2118
6627 2593
2742 6909
798 2297
5784 1302
399 1092
4962 4268
5985 2602
5360 2328
3658 1322
4850 5739
3016 6397
4267 357
3747 1290
4708 3173
3018 1060
6860 3297
1387 2917
955 462
4453 1780
5156 3617
2291 6610
5583 6368
1186 2258
3346 1893
1494 3001
4730 5671
4693 2450
3085 5362
2648 4264
2066 1808
4858 1921
6037 193
2714 6985
202 6236
4136 2802
2227 5308
5699 6745
5090 3363
5497 3762
5888 1016
6918 1960
909 3608
1364 443
3619 5126
3383 4258
6380 5923
1817 3512
383 6319
3369 3125
1543 2187
4374 3335
3490 1697
5376 3106
4308 5521
2227 30
1727 5836
583 1011
3764 1964
1868 6529
6674 799
3488 3831
4928 2666
3285 5911
3568 3654
6295 5858
5328 1355
4316 3847
4681 716
466 3791
1317 6881
856 4954
1235 2830
331 1504
4626 5525
6296 918
3776 6375
4087 521
6832 2670
5621 5404
2897 573
1939 6869
3218 1033
631 3398
2457 6060
5976 6012
5563 3877
44 555
1522 4931
4388 3394
5775 2966
5282 3700
2363 5615
6475 5766
5707 1947
3243 3315
120 570
6129 6517
2409 2652
6705 524
1499 2525
2332 2533
5638 3100
4955 4263
2620 811
5691 4923
2815 4140
2363 1941
1480 3397
1799 783
2081 4388
1370 1103
2142 6254
495 180
5155 2280
5617 3943
203 1243
6757 1938
3036 5020
1429 5634
3219 5289
4555 4434
5741 6871
549 6591
1628 3948
818 6052
1011 3237
6041 5252
4869 1258
4852 5002
154 3214
2026 5846
5556 4363
2412 6763
3356 2421
2608 5825
3463 171
2891 4223
4715 3597
1746 1857
4326 3383
1820 870
1778 3455
3343 3786
183 6618
3909 994
5737 3876
6634 1345
5684 5153
3085 4938
526 5370
6655 4043
2976 5597
3735 6916
3308 6946
343 6455
5311 4846
1313 1783
3673 780
2572 3141
2604 3526
3114 1291
2415 6710
5909 5855
41 382
1455 2557
5644 4171
6562 5932
5529 4211
6462 3526
340 6276
2060 203
739 4425
3399 5105
6821 1486
5377 4456
4303 311
1705 269
3559 4958
6095 3165
3428 293
1628 6752
3507 5525
4667 2668
5917 3812
1204 2673
2898 2474
2521 1066
1465 3748
6592 4820
723 1477
1318 5648
6454 2401
4884 5402
4347 833
6036 3905
4244 985
1170 4536
3020 2440
4918 2110
5908 1459
3544 5764
4065 6011
2649 1386
5383 1595
5152 5184
2862 4681
160 5428
1610 3788
3228 2536
5745 5236
5213 4787
2703 4623
2631 5057
1105 5566
3162 6863
3406 3139
3556 5449
1882 3687
1590 2704
6753 5923
5023 4134
5116 4631
2708 5105
1297 2390
2637 5454
5528 6773
1297 3400
5102 2940
5749 5138
2661 4991
273 1174
3554 4545
1352 1625
6960 5973
2035 831
2839 6081
4243 1433
3027 5904
736 2645
3554 3211
1272 3880
4140 311
4503 4771
6717 1616
4413 3752
3737 6584
3949 839
1381 6711
5962 6929
4905 1506
4327 2603
1564 3579
1438 3961
2000 6897
4612 4290
5006 5143
4972 2336
5531 4944
6443 3979
2449 1748
6547 3371
6704 4952
3692 4543
603 553
6641 4489
3271 1765
5742 449
3615 3303
5345 4480
3445 3943
5970 4673
6636 1141
4372 1902
696 2478
2806 2704
2872 871
2093 6757
4591 6867
6088 5511
6826 2298
370 3423
5792 4000
5716 571
6922 2517
5487 3639
5869 2897
6115 2161
5047 4821
5474 691
3022 3535
873 6864
53 4229
5388 6170
5688 2632
3964 3781
6693 6013
1467 6967
359 6479
5261 4541
3110 1274
2412 4457
4461 5601
5874 5190
5782 5102
1304 5561
2771 392
3751 4464
5305 5719
211 513
4245 5273
6538 6613
2699 2986
5072 6996
2478 1396
1708 3820
5551 1799
1169 6995
2758 3002
5142 1028
205 242
4666 2346
3218 5210
3592 6302
3590 325
5223 1371
5627 3789
6906 4052
2865 3417
5474 2686
282 3875
1148 256
4048 582
3582 3471
5634 34
1198 4655
2924 3413
471 3614
4151 2124
2459 5938
917 570
5861 2400
4177 1651
4788 6975
1139 5078
6364 5861
6626 5693
5855 6548
2733 2861
6642 903
4711 574
4320 5338
3877 1872
4073 6009
1912 4390
34 4105
6588 6533
6327 758
1125 1958
1877 5321
1518 5622
5709 2277
5513 1133
3540 1730
4788 2701
1695 6052
1906 5199
3203 3746
4135 3826
43 150
2248 2678
6972 1695
5846 5440
1734 555
2521 6203
1713 2379
4972 5960
1289 5281
2682 2859
4440 1448
2454 5168
2727 4983
6950 617
5966 520
1838 897
2156 1388
4576 3979
2039 2945
5197 6643
4308 5433
4246 5658
5394 4375
5391 1745
2886 4637
3433 3258
1432 2270
5741 1462
2562 4950
4292 6760
106 2035
4812 2562
1228 2955
105 4520
6109 2112
257 5844
3679 682
6899 6843
6402 6746
2699 4808
6249 6233
6873 653
1422 6163
6402 6006
5518 3867
2795 432
3821 5130
3698 1578
2262 3053
2746 6128
4484 5621
5243 5174
4189 4151
2710 5272
1477 3629
1618 4687
3499 5429
1358 6749
6629 805
3534 2898
2077 2952
144 4653
3226 4885
665 4407
4755 3134
1735 399
3245 19
6233 5173
6609 420
4419 4276
849 6977
3948 545
1246 1755
3465 1047
4332 3815
1379 2787
743 5704
4808 5080
2982 6449
833 559
6320 3444
4730 4834
6191 4881
1906 743
3556 714
3263 1037
3437 2411
5915 5008
5267 2192
4801 4301
5875 4049
6742 3494
4508 25
759 1230
6601 5276
61 3016
415 5626
3728 5438
4647 6831
128 3587
2728 259
900 629
994 2592
4470 5985
3296 4191
4843 878
6031 6198
5184 5344
6627 2191
6582 3470
5183 4167
2980 6223
1245 1085
5427 920
5572 2231
5952 5639
4263 6991
1492 5686
1985 3950
1711 1048
806 3219
6231 2525
4202 2529
5103 6098
6564 6389
2317 6939
6227 833
1545 5705
614 6488
3762 6375
2946 2572
2499 5608
727 2316
6349 2532
3417 4819
4762 2355
368 4880
400 2042
6796 748
1063 4438
3489 946
6800 6387
2830 5699
5339 5752
4911 6795
2801 2261
5042 2033
6448 1627
5911 4787
5705 1306
4239 3535
2208 6035
4185 624
4010 3456
4465 1624
3530 6928
6408 2474
4857 5095
2390 4539
3036 360
5142 3631
4731 2729
5847 6210
1910 4972
3615 5877
4339 1270
5315 3569
1546 5706
6911 4211
3185 6595
1243 6302
1042 1480
581 5686
1824 4802
4689 719
3328 3450
6573 2467
5096 5357
3274 1380
2700 6619
3760 803
2909 692
3618 597
812 4182
1582 65
2508 6544
3051 495
54 1285
1921 207
6062 5547
5514 1854
2448 2874
4662 3015
3307 6603
2525 2051
5872 1561
2498 3207
4542 3974
2394 5354
6463 1260
3801 4064
2417 4037
4698 6463
3551 3555
2035 2826
6469 6576
1918 5716
639 1789
3524 1459
1532 2243
3507 1661
6508 6157
1071 814
1885 1146
5449 3226
5007 4930
4359 6914
5269 5592
6742 4999
5087 1498
511 1380
3735 5189
1215 5727
2216 6209
1310 2993
2475 309
3153 6596
630 6235
4670 6308
3292 413
5767 2307
6888 6560
2881 1671
3048 6040
6380 2874
3640 4279
5531 6394
4124 1858
4597 3430
3242 6619
1182 2394
4259 5371
5119 6921
333 5722
1952 2031
4882 5496
4761 1458
1024 2293
192 2553
6668 1082
745 3265
3854 43
6228 2689
943 3086
4759 5277
2956 5525
4309 2628
3564 1859
4656 2489
1261 4084
2806 6907
2883 5736
393 4198
5529 6189
3641 6434
6553 4578
1534 4694
4211 4619
721 1006
2405 1967
1891 3619
168 4828
3237 6092
4018 1790
5081 3738
2114 4234
4121 3613
1099 5202
4966 2436
6491 5456
5983 5488
5734 5496
4039 6107
4393 5472
4257 4702
814 2047
4585 386
5618 4103
4888 602
4337 4503
5805 2332
4963 6260
1029 1605
5563 4860
1135 2797
6112 2525
2233 599
5549 2530
3281 2072
1642 3713
806 6251
2727 5460
4032 1667
5023 2186
3190 3521
4693 4079
5703 3194
1808 790
6792 4086
963 4568
1415 232
147 6822
1305 825
1379 4587
1964 4221
6731 5682
3948 1845
6737 3796
1163 2645
849 1606
6512 4369
5798 3540
30 1599
3640 1212
2162 74
4718 3988
5193 4467
2413 3394
39 5819
1713 192
3459 4907
3855 942
6200 2990
713 1093
6063 140
4214 4000
30 5075
2596 4227
1785 6871
598 3281
2147 6085
5943 5812
1512 4007
2979 633
4006 3745
3651 1442
507 1229
1426 5709
4059 3188
2483 6298
3754 5917
1835 1521
1032 1426
2537 5003
324 1969
6395 1133
1837 943
781 2562
5246 1466
4158 5593
638 1583
2186 3262
5326 2704
1737 352
2311 5487
4487 1448
6495 1903
3732 1559
2266 1008
587 1439
6923 1393
111 3681
2688 5331
3961 3541
584 1575
5084 4792
2741 279
4187 2446
2136 4444
3769 5782
68 1946
5344 1704
1268 3356
63 2094
360 1102
5117 3353
215 218
4957 1577
4982 5036
6313 5017
3410 935
4022 211
5554 2359
4623 3990
6419 2859
2237 5252
6414 4611
6770 1915
5003 121
615 1235
6493 2584
5438 5564
1649 3850
6901 2837
1708 5750
4621 933
2250 518
2308 3528
4343 4182
3241 3079
2913 3849
6070 5812
837 1295
2859 6150
1177 4880
1420 3440
6289 5027
734 6749
4994 638
3578 4434
4076 5030
5389 4749
5112 5701
2662 4613
252 1689
3560 5879
1359 8
1013 6818
3657 3867
6671 6967
3990 2905
6575 3633
4421 5776
5594 831
2777 6453
2526 6803
6723 1512
605 1007
3685 4229
3426 4574
1717 1696
6067 705
5295 5239
2761 4918
3106 1838
5776 3526
5525 4026
285 3196
5005 3510
1207 2469
4528 2518
2968 1556
3670 4484
225 3875
685 6772
2773 3966
32 4303
6855 2194
5716 4742
6517 4455
3860 1305
4340 6014
6830 4326
2504 4128
2124 3609
6865 3191
3779 3497
916 5888
3282 1697
5913 3917
5099 328
6438 2508
5450 6468
5911 748
5737 5601
1735 5968
820 413
1861 5863
6926 2451
467 6624
5854 6331
505 6304
722 5459
484 3392
6219 2728
361 1345
4561 916
1072 4638
2842 1601
1285 5458
724 4266
5278 3940
515 2922
4666 5011
5803 4090
2761 1665
1160 1445
5227 4084
1490 3886
5709 645
6108 6788
2773 1642
3440 5373
2207 3347
3012 6403
6966 3363
4634 4141
1829 3915
4562 1068
1557 6294
2908 6703
3314 5882
3751 1973
2625 645
2711 5702
6480 58
1197 6626
684 272
3717 6166
3035 6845
2297 1472
912 3093
1841 4648
4038 2155
6037 4431
1362 6815
2969 6793
3400 4369
6498 2542
6606 4329
2204 2818
1638 5085
5937 3046
6096 3072
2727 6891
1163 525
1887 1221
2760 2999
5350 246
6414 4595
3244 565
6228 5586
2777 863
5159 3117
5853 6212
3550 628
382 5408
6627 5996
2587 5134
1323 1782
1624 6455
3286 5889
5015 3525
2164 4147
1915 3147
3199 6858
2588 1744
5875 5002
4575 3166
3457 5171
5934 4104
5874 4910
2077 5501
1815 5194
4182 6878
6792 6501
65 3454
3887 5166
4154 3882
6884 1452
169 2336
2779 3163
5203 632
3359 1040
5514 3518
4227 1575
2530 3046
5156 3479
3796 4636
4923 2955
3851 2401
1312 4166
1142 2764
2583 4917
1300 2840
4017 3074
2507 5263
3015 6008
1766 5371
3980 6520
1938 2339
843 219
4380 2010
4301 6141
3941 6220
6687 2854
6665 6900
3529 267
4130 1890
3646 5104
3412 6794
3377 2897
81 543
2567 3752
2723 3793
3215 1378
862 5389
362 5839
1929 4391
4740 5739
2741 1876
2369 1777
5738 3180
6595 997
6121 2628
3744 4802
3796 1297
4302 5436
2105 1000
3681 1472
2797 826
1535 11
5776 4091
1071 4661
3358 1547
2604 5750
5754 1987
5762 4758
4877 334
2192 1892
1770 1677
4483 886
3693 6772
4686 5162
259 3134
3312 2874
3523 2302
4527 3870
133 5842
6891 1255
3161 950
5836 3613
2437 6087
719 6383
4964 336
4155 1081
2082 3265
2135 4123
1228 2382
5420 6215
2759 2461
1749 716
6254 375
1365 4686
4068 4351
1585 2535
1923 5864
1788 1173
3472 2393
2140 6802
4341 2388
2664 432
5120 6861
4952 4414
2190 3282
1567 3348
2559 2890
5763 3085
5304 1500
2389 5616
5893 2034
3349 3767
1005 3160
1362 3985
3155 1197
2104 3944
6848 3823
981 4992
3651 1323
542 2755
959 5118
4 1428
5819 5013
1560 5210
2257 101
4061 6263
4767 3341
4388 1857
2199 4575
4215 4687
3436 1140
6928 4502
538 589
2532 6592
127 5836
6346 1228
844 4448
3114 771
6659 880
5918 4779
5598 768
151 4772
4319 2638
5280 4958
708 3206
6708 6245
2727 605
3886 579
2847 6882
2046 6142
1992 2752
4108 1480
2166 132
6799 4563
6031 1384
408 1644
6001 6343
3987 1165
4811 901
5646 3188
4482 3249
3409 5504
2715 3701
1536 2427
5851 5357
3921 6982
5497 219
6122 5160
6118 3366
294 6493
1142 1791
3612 5117
1348 6792
2758 858
2078 2810
4906 192
4964 916
1354 3395
4340 3242
5540 1644
6961 687
4700 5973
6650 3046
3885 1264
6972 3362
744 3114
4029 5244
6413 3049
393 683
565 6721
981 885
2544 2574
3183 3481
6186 3731
5251 1241
521 2948
6349 2973
2551 225
121 4209
6625 6354
4901 3937
6455 159
2103 2309
5762 4791
466 2223
6247 3875
487 884
6293 4743
5291 2978
5457 5545
763 6034
4895 5948
2066 3024
1966 6527
149 558
106 4420
2764 265
3362 959
5356 1404
2949 3941
1086 3964
2183 1187
1195 2804
4449 493
3157 6012
1416 2523
1499 432
6115 2738
5151 2728
6104 3652
6700 6492
5157 1322
6214 4836
1455 4178
4874 6884
715 3766
361 1836
955 205
6357 6025
5504 1612
4025 5690
3031 2489
1809 3014
4209 5605
366 3350
6580 2759
5305 2506
512 6937
766 295
3081 6068
6492 5194
3348 5838
6828 241
3009 5943
6920 1110
6084 2929
6633 6270
1601 6272
4196 3612
5800 5398
5413 3842
5845 4512
1332 14
2478 6177
5514 2588
6147 775
5810 1035
2529 3333
4447 5608
4318 6036
2427 5360
1851 1900
5148 6660
6136 1406
975 4840
5280 2997
4315 5757
2264 4284
5524 1857
3957 2664
482 2121
6388 788
6439 992
400 4123
3295 5809
3462 454
4417 539
1302 6844
481 979
4967 5866
6518 5776
5384 5424
3995 3717
3644 5112
4045 5565
2240 1070
4649 826
6262 1582
942 2060
2317 3517
4583 6068
5169 4723
6886 4997
5179 4694
6749 4836
6451 3855
2866 3859
4135 2001
3380 5086
5977 3385
5165 4284
4078 6316
1969 2054
5830 3128
1761 5658
4438 2049
1687 2837
6538 6615
1638 3833
2793 2891
1974 6356
790 3593
4431 3086
5673 1502
4327 241
5776 146
5316 1974
1655 5691
200 5815
4169 6277
4621 3036
6701 6669
4493 4659
424 5413
831 382
2267 5411
5968 6806
1686 6675
5401 1128
5879 1816
2759 261
1697 2651
737 4779
4011 284
1364 2514
767 52
6365 1145
719 743
178 4503
738 6040
5829 3093
628 1744
3681 1299
6447 5733
4245 4774
5722 3828
1750 4528
6432 5165
1495 2061
2207 5788
2660 2115
3046 3489
2602 322
6311 767
4724 1540
5077 3957
3961 3885
6548 3723
669 35
699 4766
2493 5791
4113 5626
6632 6392
2715 3181
4170 5873
2153 3685
4731 6155
5228 3685
3111 6770
4904 3287
5646 6179
4388 471
435 4697
5613 231
2534 5190
2625 4779
2959 6872
3768 1601
4814 6484
4364 4591
1252 4269
650 3244
78 2101
3934 4202
4118 2976
2104 5121
4203 4007
6386 1365
1059 603
4548 5260
4477 1993
2688 2393
3994 2315
621 6621
3054 3712
1171 3156
5127 6212
2796 2227
4986 5605
6191 3981
3379 5249
6328 5946
5112 4125
1952 4862
3174 6936
2360 3026
3447 5183
1347 859
159 438
2851 4916
6008 2195
2669 1528
2097 6780
1424 1633
3292 1473
6347 5795
4768 5168
6877 5137
3462 1911
1678 6179
2780 2220
1682 6058
3390 5283
2839 3818
3540 4650
1151 1851
323 6532
342 4160
2065 2884
3536 467
1047 888
3899 6678
3053 2064
4929 6898
5715 6193
5978 618
4645 2479
6456 956
86 3079
6556 1364
6847 3659
3324 6446
4789 3132
6819 3222
6059 320
2487 6388
2385 2131
3451 5674
662 3442
3142 6156
3780 751
5195 2668
2131 723
5031 5794
5766 6988
3877 1625
5556 3096
3017 4586
866 2992
5190 2109
4382 1210
333 4924
3347 3024
4562 5331
1058 5615
663 3999
5630 5752
6835 6135
5990 3406
4626 6414
1181 4867
3824 2113
354 5498
4099 4801
5593 4864
6318 198
3432 3981
6513 6332
3643 1922
1196 6539
2072 5421
2365 6093
5363 1085
3199 6088
4405 998
3340 2011
6995 2766
5625 6714
4449 1277
4856 3101
2685 4174
6025 6993
3742 6413
4549 6741
2126 6411
20 6819
1753 3744
3362 1559
5006 2675
1216 145
6922 1672
6557 1733
3795 4736
1234 6142
6495 4586
5401 3433
2374 2944
4959 5576
2966 1983
4185 5853
4838 6322
1225 6019
1458 5208
4904 2307
6683 4183
6298 1022
1898 6212
3638 5406
6405 454
4550 1331
994 228
4457 2641
4013 2274
789 5347
2101 2210
6274 4041
1128 1113
1616 488
6132 5508
2602 388
825 3796
4167 4226
6175 1539
1844 4660
6805 6409
2037 2320
5270 1167
6153 227
1682 1710
5263 5230
6184 636
5606 4382
2239 588
6478 79
1885 2846
4894 1558
3068 3301
1258 2673
6305 5110
4657 1641
833 3830
1249 5533
4491 6487
5230 4103
5166 1572
1644 5921
2648 1270
6363 927
1602 234
1853 2824
2836 568
6875 1707
1618 5002
1898 4866
1504 3795
5750 4882
4046 6532
1538 703
4074 3386
6374 5767
448 1058
6206 208
5176 3439
6417 4380
2684 2481
5301 5957
329 5634
6715 1001
888 3011
6931 5628
6416 269
3210 2007
2796 4145
1814 2877
5959 1701
6250 4927
4741 3196
4506 6065
1118 5379
6607 5022
2510 2445
1478 6965
4833 2323
5110 315
1517 3242
6685 4021
4178 5377
351 4887
982 83
1418 2523
5952 2896
6583 760
6762 208
5182 4472
3022 3744
4640 1589
6169 1146
835 1066
1982 398
4418 5839
3028 5619
644 3419
1248 6294
5639 4192
6688 2350
6032 1231
3555 990
5905 380
6905 6813
514 2944
6675 1900
1320 4781
86 4498
786 4037
2089 456
5072 690
5297 1220
4742 334
3484 391
2271 603
2224 6165
2424 1048
5514 5109
4163 3012
3169 3802
5635 1683
5114 4384
331 2635
5809 6057
6357 3344
854 6698
2396 5145
1860 6229
2605 1449
3494 5298
4667 1232
4184 3396
2471 5023
5947 1301
3965 1505
5837 4900
1609 1973
4212 1867
3729 3224
3585 1814
429 6903
5499 4675
3125 329
554 1853
5516 1200
3149 1398
2974 5014
4040 526
306 3076
2628 4298
1908 867
4811 256
4188 6186
2222 2702
3742 3663
3052 4455
1516 6510
5595 6324
3081 2454
1938 2545
956 6098
1843 5266
3887 6841
6415 6720
1135 1022
3176 553
909 4511
6562 2243
5931 2907
5307 3481
5538 5430
1889 5527
5745 4223
281 4816
3592 4541
3610 3902
2677 2446
5699 4102
3926 3565
1376 957
26 1657
1863 4337
1150 6884
561 1583
1836 4398
3115 4033
2113 4341
4187 1045
4708 1825
2754 2993
637 4645
3453 5400
5290 6628
4828 2513
5528 5414
2137 274
6952 6721
3948 286
1255 5088
5149 5996
2621 4505
3525 6014
3546 4456
2159 3813
40 122
6161 1514
5869 609
5640 4710
6314 2596
6857 3511
4264 1457
3621 2149
5723 2168
3404 4108
122 4086
510 719
714 728
2663 3572
1453 1132
3809 6687
6789 6538
2373 4020
5364 403
33 1761
2826 5417
6297 2970
6591 6590
2554 1466
3743 800
4471 4076
1699 5381
946 2639
5534 4403
1315 5207
6331 423
2712 5402
4467 2009
2398 5919
2068 6099
6389 7000
3742 758
5860 4285
5081 6997
4164 3406
3039 1990
1516 4288
2420 2485
649 6540
4125 3489
2184 3579
2962 806
2384 4300
4648 5676
6800 5467
1305 5970
6604 3052
5607 5303
4570 4598
3301 1862
4779 1706
5811 6432
6367 3702
4009 6290
5643 336
120 367
2132 4307
5703 1732
1523 2486
4824 2241
2346 4703
6094 3027
4533 5974
5601 453
833 2613
3772 732
4074 4152
3767 909
114 987
1802 3651
1763 221
667 6879
3667 2580
1372 3311
198 5615
2451 6453
4249 1922
3959 3061
411 2444
1493 6068
4221 1942
6033 4068
1664 4374
236 5096
6248 506
2648 2099
5873 1889
968 633
4055 2572
5293 5281
559 1373
2228 749
4092 4688
1511 941
3442 6658
1946 5439
91 6245
1981 3391
2746 4489
4038 4562
2581 6380
2293 3033
1322 3734
5089 3041
443 5080
1992 1858
2130 824
6463 1877
5385 2885
4328 624
6005 4036
6969 6360
3719 2048
6107 463
3466 4739
2418 4015
914 5024
3894 509
1840 5097
3959 569
6085 583
1709 4806
3610 3786
4870 3784
2351 2146
109 341
331 5918
6816 1200
2575 5237
4418 5611
5820 6539
3641 3203
3170 3960
4936 3590
4365 4037
2557 487
45 1245
4913 5775
4008 5264
6792 6966
4625 5891
6905 4167
3181 6501
4365 5357
4692 5213
2281 5828
5787 2405
4181 2907
2993 201
120 6791
762 2367
2743 6539
6208 5973
963 2031
476 4740
4044 5453
5450 3867
1235 3204
5666 5077
1827 3131
3349 2155
3122 2295
800 3590
5359 1934
2921 1925
3410 427
1991 3747
3976 3838
3049 838
6665 4693
6179 6361
5422 5924
6741 4912
3208 3277
6377 1229
4616 5434
6716 1631
5168 4868
6664 5561
1503 5468
2336 6765
5197 1755
4391 2725
4959 2491
5324 567
4640 2597
186 3575
1535 4101
2829 216
800 6776
5355 1846
881 511
6621 2081
4780 1485
6506 4040
493 3254
4401 5603
6165 3632
2821 2845
1731 3105
3899 3352
1267 3462
4835 3113
1348 6361
4863 5179
5279 1121
4220 5563
6831 5084
2453 2351
4355 5488
5982 4655
4571 330
2486 5691
658 1876
4180 2344
1442 376
6746 2771
2458 2406
3230 802
5689 1559
2663 6587
4479 2029
3295 6534
2441 1332
2867 6074
6479 1474
1673 6485
6531 416
2599 2690
4715 4651
1642 4524
5044 528
6027 3880
1397 528
2048 4100
4180 6036
1302 4387
4307 2104
4593 4530
881 6759
6713 6782
6299 3952
3948 1853
6075 5509
3180 5177
4016 5523
2573 4311
805 6809
5438 5851
4113 4841
3554 774
5250 6878
6329 2646
6525 888
2967 596
259 2163
4275 5680
4742 6350
2209 2887
3990 6571
6659 5378
4215 1177
6412 6811
4642 3238
6987 5843
4626 2177
3597 1620
2821 3673
5943 2341
2749 1474
218 2990
1790 4804
4491 6759
4661 5455
397 4302
5046 6961
1594 4919
6129 1855
4979 3163
6737 6659
58 6932
6265 6969
4120 2626
4116 547
2381 3455
3756 4797
2870 5607
4103 3904
2050 4583
3063 3600
3611 4079
5744 5753
4143 676
6017 2605
6255 5004
1882 3919
5079 5031
3114 1173
6984 1610
187 452
4322 2090
6784 1656
6665 4797
4045 5676
3231 4839
5209 6077
5309 3758
3579 1720
1282 3680
1963 6650
3633 2642
6170 5362
1487 4710
2869 6778
305 4131
724 4921
2933 3815
703 2577
5793 2231
6319 4933
297 6983
3600 4726
5793 4075
2399 3777
5788 6834
2314 6454
6365 158
3420 5759
6436 421
3619 4743
4956 2556
5130 2651
2084 277
2663 3261
732 2174
6289 3892
5408 2598
2912 5594
2019 107
3591 5146
74 4473
1362 1180
2561 2839
437 3091
567 2614
2109 1835
5872 4962
416 1508
4805 3143
6785 1522
279 5346
3589 338
486 2740
4969 2958
508 5307
2363 1325
1177 1955
3092 2060
4565 2547
3743 4320
6450 6549
5950 5951
716 3792
4300 1183
3902 5410
474 3596
320 6066
6534 5081
6548 499
3989 2786
6425 6366
4513 3094
6162 6624
4758 5691
551 2382
3656 6552
3288 1041
6598 2464
3337 2356
1438 2930
1917 1991
6662 5216
6916 1780
6006 1762
4772 3418
5375 2690
3813 5135
1853 1133
1042 4925
4590 3281
4112 4223
2756 760
2309 6298
1101 6836
4685 298
5288 4845
2335 6997
2750 2238
2474 1067
3747 361
6494 1268
1093 4682
6396 5115
6942 6865
654 5969
4081 334
6851 1908
5469 6142
1062 5383
1656 3233
4608 347
5455 4849
5488 5211
6310 2132
1607 574
6103 3106
3799 2252
4597 3024
6021 4567
6980 5951
2027 3626
4563 3358
2005 5967
6938 6139
554 3754
403 1231
2494 3771
4074 3532
2219 6660
702 2732
5880 3079
3383 4360
3763 6413
5682 6285
2106 3726
2063 2798
1604 1943
2371 4934
6478 529
1658 4321
1278 4877
5697 4899
415 2117
3173 2670
6392 610
6676 4641
3681 2463
438 4299
4701 219
5684 563
1653 439
3339 5415
4704 2981
3181 5830
4135 1680
3963 6163
695 5148
3216 1626
1511 1509
6040 5529
160 5176
5527 3798
3327 5044
5084 3433
2841 5349
6720 4324
5787 6484
58 2739
5220 3081
3857 2498
5310 6717
682 2236
3821 2335
377 6876
1045 1858
3946 2548
5402 1258
5354 2783
6169 3078
3491 2570
812 6138
5883 6741
2675 2266
1469 6339
783 3846
3350 788
5030 473
6340 5882
5138 197
5709 2526
5905 6388
6693 2786
6950 1052
2341 3908
1030 2558
1127 2472
5723 4669
1376 6244
5754 4423
4708 4959
2330 1973
778 2925
6345 3629
4294 5100
1441 248
2159 198
2778 720
545 2047
4690 281
314 5661
536 1130
1908 736
1375 5874
5613 4553
1534 3216
490 1942
5140 5527
5562 5380
6488 2339
6640 1441
2397 1338
6604 5897
1119 5215
1459 3779
1677 3718
2018 4573
143 1782
889 2091
2300 385
3529 2022
5213 5246
6764 423
1143 3902
2011 4505
6739 2189
2407 3505
75 6606
1411 2154
6733 2981
1187 2898
3259 1696
2921 6779
4115 1491
2427 2305
5100 3674
6743 1382
5174 5477
5987 4667
2412 118
497 2569
4714 5236
6340 4358
6040 3815
3251 233
6390 6990
791 1190
5083 212
1191 1239
3487 6452
1439 9
6628 5655
6031 6595
6895 3498
4753 6899
4363 6739
167 4945
5975 916
4742 4918
1333 796
421 744
1819 828
2962 6488
6041 985
297 1535
6177 5904
4391 1445
2536 4499
5689 4170
2372 3015
5250 2682
6907 6547
496 4847
1416 6
3046 4327
579 3627
4295 2396
1929 4284
3546 6138
2509 1422
309 2040
5510 6388
6868 3299
3298 6402
3161 654
2065 1537
6048 1151
2868 1935
6922 2149
5923 5293
4605 3148
5534 1819
5321 2527
4110 1801
5233 1575
4493 1369
6856 1126
2308 2737
1070 3168
4261 4787
5554 735
3107 4646
6876 5981
4712 2070
2490 991
1770 316
4234 6432
1527 3312
2034 2786
4498 5863
2208 1282
1856 3351
2202 1831
4843 630
380 2132
1175 6492
5964 3229
6848 1053
6024 1317
5858 5684
6742 1918
2788 1597
6811 6315
2888 2325
1068 1311
5340 5536
1775 6713
6620 5426
1555 2097
4763 1107
3576 5908
4443 3017
5013 3410
6212 1315
2647 593
614 3527
623 2059
4615 5852
3426 6208
491 3713
3524 4597
1238 6034
6448 5599
1984 526
2338 6017
6731 532
5058 2071
668 4881
153 5133
4789 6489
5625 2528
2958 6255
1801 3688
1528 5873
5284 2022
4222 4840
6659 2007
4279 4179
6164 5880
144 5612
3830 4201
4005 4147
1778 5213
471 3287
16 6054
6640 2220
3995 407
5805 3829
4655 909
5556 6909
1632 6693
6590 4901
1045 2878
586 1964
2251 5326
2391 2046
303 161
1268 515
4009 2765
3690 2379
5970 4541
4165 1605
5729 4354
32 4430
3401 2954
1843 5965
1452 3497
1712 6587
6522 142
755 3067
2274 6013
5631 3333
162 5367
6339 1994
986 3349
4179 2252
1361 3678
6232 4816
6153 503
3694 2362
5779 117
5335 941
5625 5018
6202 4491
5444 2243
1799 3583
2176 1839
1900 1520
654 841
939 5302
5764 5743
3426 4954
5520 5531
6444 355
3272 5404
17 617
1645 801
4365 1140
5649 1195
6253 5421
5925 2227
4697 1704
1031 1337
2217 2
655 4606
4721 5273
5236 5654
6622 154
3429 676
6234 4221
906 1165
676 4810
6762 5888
23 3317
2112 1601
4401 5990
5613 6748
1487 4608
5667 4138
548 5751
4553 763
1031 778
1877 5788
5558 4983
2395 4128
2352 4130
2519 2893
793 3822
2701 3490
4050 3770
6974 6584
3835 2126
4160 2250
6110 4303
2230 4466
2799 5523
1812 5359
746 4414
6855 3903
5912 6172
142 4468
4315 4625
6363 6594
4313 5745
6305 5878
489 533
1604 2216
1013 4550
715 4103
3397 4315
6553 3322
1729 4432
6259 3693
751 1770
4547 5432
5361 5365
2489 473
6635 1107
4527 3768
3921 388
3680 6994
4468 5497
756 2091
107 4691
4785 6821
1360 5165
2940 4730
1957 3322
2712 613
1067 2135
5517 6746
3232 1792
2025 6990
5831 6064
528 4582
2933 6019
1391 6468
1157 6854
1974 4374
3625 951
4405 6833
12 5492
1050 6342
4845 5312
6374 6355
589 622
6905 4001
1575 6771
2704 638
5829 2273
2273 4142
3406 4941
1028 3199
5188 792
4627 5873
1798 2951
6672 6531
1911 6618
5865 741
6003 4140
4958 3935
5769 4329
5643 478
6384 6244
6365 2456
6508 3993
1655 5972
320 2865
3648 4824
4010 4108
5145 3815
4052 1846
1215 907
1153 4399
2354 6290
2595 4938
1334 5390
386 4279
5097 3129
295 1935
3180 3289
840 6845
1147 2122
123 3069
11 6314
2069 4284
1151 739
3939 799
600 1069
865 682
5169 3526
2518 5567
2207 1365
3759 6331
2008 459
6973 1712
4131 1411
4120 3188
3409 603
5078 444
5450 4182
4508 2503
159 6707
6691 5772
6524 2825
511 2354
3037 5778
3936 247
4808 5508
2707 4057
5121 1132
5938 3153
5422 4902
4075 6380
5754 6375
4722 6833
3273 479
5762 4582
4940 4684
6143 3988
2262 2731
2549 2276
2528 344
1353 3216
3294 6856
6911 3916
892 4124
6928 5691
2403 5410
3004 1041
6950 4473
3739 2345
4328 2286
6261 4109
6038 1728
4393 1277
6424 5357
5272 757
288 2791
4520 4195
3013 1557
2608 2419
1718 3346
234 1936
5522 2106
6302 2028
228 6780
1006 3588
3812 6687
1751 4683
1403 3950
1014 2720
6011 6474
6098 6301
2804 5489
3131 4199
5827 4136
5351 1372
4605 2056
4046 3230
6727 914
3534 4392
4905 5025
5716 1823
6751 4856
4699 4875
4463 1603
1315 3618
1685 4018
3496 4630
4948 2141
1981 5481
3827 6936
1077 6715
194 2618
982 3093
1703 6803
5612 4489
6931 3933
2322 4059
1730 1213
6582 6396
496 4066
6105 1558
4097 222
4488 6831
6575 1879
4866 4054
4187 2382
5375 4156
3549 1942
3223 2945
4162 4057
3369 3797
462 6195
4388 6795
907 4550
4805 5678
6656 6548
2646 4875
3542 5821
1945 1331
1473 4500
3484 1399
176 1739
2768 3453
4587 1502
4081 4026
5275 777
4281 4701
3596 2136
5050 993
1294 3673
5967 5843
3205 2898
1521 6697
1119 1229
6522 5578
5773 4713
5629 493
502 3078
1808 4786
568 4055
4379 2916
5122 3291
3627 2002
1867 651
3204 3027
1266 1849
761 3539
413 2451
2803 4602
2476 1157
727 1629
2134 1356
1602 4706
761 4494
5181 5327
1691 3779
355 1589
1805 3969
5410 517
2463 5904
2741 670
902 3259
6508 5493
3370 6545
5323 5170
3104 818
6951 542
3175 2346
603 3774
4769 5023
3753 2707
5412 4410
1471 5932
2538 2694
3282 5906
3198 1471
2675 6203
6591 4509
1095 4961
5302 907
1349 2000
4927 2003
655 4622
5226 4860
1175 6092
203 6597
2371 227
4688 63
6662 4291
352 2090
1987 3733
2940 502
2501 1834
2721 4641
4741 5378
4465 807
364 4227
4858 2827
6180 6717
6887 203
163 3663
5548 3938
5772 2368
6973 4576
363 4224
4995 6139
4007 2398
6986 6258
2311 4306
743 6953
5036 6187
4305 6278
2838 266
1592 2148
4310 6288
6346 6120
424 1383
4893 4494
4664 4873
4384 5333
1176 956
3821 1785
2591 3691
2410 620
2016 5439
6046 1465
961 2014
5678 4809
4789 6033
5112 5910
1029 4673
2948 2263
3624 1720
5974 3319
4188 5061
6392 6352
5466 3670
1874 3945
6055 3251
6160 533
5660 4484
1072 6715
187 5075
6850 6902
379 195
1705 3921
4570 4615
6369 3003
4902 4606
1074 2336
6906 3774
1614 6053
1506 3298
1301 3936
2273 2939
2646 4272
6200 5244
4186 5943
4352 2089
3549 6076
3743 3323
2177 532
5625 2514
4066 4770
261 3588
84 5539
1600 4568
3582 1231
6263 4347
1979 1384
3472 6892
6504 1416
2678 6904
801 5140
4498 5892
691 2240
6617 4609
1922 3209
903 1538
2026 985
755 4332
2516 3243
6528 3941
5628 833
4222 5692
2034 6404
3805 1292
3879 3820
6603 3451
3540 4826
3541 3459
1343 5442
2617 5577
4465 354
768 2202
732 201
3465 1820
286 475
1510 455
2922 6141
2815 5897
6910 4717
3960 5231
890 6875
4399 1935
339 3254
5865 3149
3149 6009
915 3724
2015 6051
2513 6559
6715 6906
4369 316
567 100
39 5416
2087 1582
740 40
256 3820
3523 45
3339 1414
6955 1784
6738 6431
6494 5717
4344 4134
5586 6858
3722 2079
1075 5471
4468 4926
987 6865
1022 2554
5866 980
3563 549
5581 1314
4970 5765
4141 4465
5831 4576
6914 3320
5264 5970
5934 3775
3844 5616
31 5062
5481 6087
3783 2734
282 6092
3402 2844
252 5730
2917 1466
4304 3654
2386 3551
4701 4330
1744 3158
4446 4031
5349 2345
5206 670
6424 4501
745 5015
2531 6810
